v -0.423913 -0.560186 -0.708791
v 1.822907 -0.538667 -0.589452
v -0.462085 -0.545504 0.830859
v 1.822907 -0.533180 0.606876
v 0.680411 -0.538673 -0.715353
v 0.680411 -0.533180 1.117141
v 0.109163 -0.536956 1.022007
v -0.070106 -0.563215 -0.704784
v 1.636792 -0.514618 -0.781615
v 1.056504 -0.655192 -0.727455
v 1.061243 -0.533180 1.091196
v 1.442075 -0.534486 0.901123
v 2.135054 -0.262555 -0.240008
v 2.135054 -0.271257 -0.075203
v -0.817078 -0.387649 -0.376114
v -0.596210 -0.533180 0.830561
v -1.148510 -0.319279 0.021628
v -0.738376 -0.493503 0.939031
v -1.203391 -0.300859 0.168939
v -1.027151 -0.387649 1.164601
v -1.392978 -0.415139 0.168939
v -1.392978 -0.387649 1.164601
v -1.534931 -0.387648 0.185203
v -1.574857 -0.387649 1.075239
v -1.673219 -0.320599 0.191495
v -1.740500 -0.320599 0.973415
v -1.777750 -0.269872 0.143786
v -1.895795 -0.320599 0.885743
v -1.976598 -0.265274 0.177971
v -2.043879 -0.265274 0.784906
v -2.091327 -0.325087 0.339844
v -2.118773 -0.325087 0.697191
v 1.822907 -0.135680 -0.700078
v -0.462085 -0.135680 0.929736
v 0.680411 -0.135680 1.216018
v 0.109163 -0.135680 1.120884
v 1.056505 -0.198290 -0.727455
v 1.442075 -0.135680 1.000000
v 2.135054 -0.143508 -0.367564
v -0.596210 -0.060912 0.929438
v -0.738376 -0.135680 1.021780
v -1.027151 -0.100644 1.236142
v -1.392978 -0.100644 1.236142
v -1.574857 -0.100644 1.146780
v -1.740500 -0.087882 0.995693
v -1.895795 -0.087882 0.885743
v -2.094643 -0.086820 0.784906
v -2.230596 -0.100643 0.697191
v -0.423913 -0.177029 -0.708791
v 1.822907 -0.135680 0.705753
v 0.680411 -0.135680 -0.715353
v -0.070105 -0.177029 -0.704784
v 1.636792 -0.197150 -0.781615
v 1.061243 -0.135680 1.190073
v 2.135054 -0.143508 0.077035
v -0.817078 -0.100644 -0.376114
v -1.148510 -0.100644 0.021628
v -1.203391 -0.062920 0.168939
v -1.392978 -0.100643 0.168939
v -1.534931 -0.100643 0.185203
v -1.673219 -0.087882 0.191495
v -1.828514 -0.087882 0.143786
v -2.043376 -0.086820 0.141716
v -2.185603 -0.100643 0.339844
v -0.099730 -0.534849 -0.912609
v -0.373330 -0.538885 -0.916616
v -0.373330 -0.177029 -0.916616
v -0.099730 -0.177029 -0.912609
v -0.194145 -0.496913 -1.086742
v -0.377097 -0.496913 -1.143736
v -0.377097 -0.177029 -1.143736
v -0.194145 -0.177029 -1.086742
v -0.163375 -0.496913 -1.212762
v -0.393220 -0.496913 -1.209100
v -0.393220 -0.177029 -1.209100
v -0.163375 -0.177029 -1.212762
v -0.170587 -0.496913 -1.294028
v -0.400432 -0.496913 -1.290366
v -0.400432 -0.177029 -1.290366
v -0.170587 -0.177029 -1.294028
v 1.641605 -0.506010 -0.832471
v 1.180888 -0.681474 -0.832471
v 1.180888 -0.237151 -0.832471
v 1.698984 -0.174003 -0.829913
v 1.656457 -0.484994 -0.937734
v 1.355922 -0.525695 -1.065909
v 1.355922 -0.219336 -1.065909
v 1.656457 -0.220515 -0.937734
v 1.689885 -0.444283 -1.002078
v 1.455807 -0.440849 -1.115965
v 1.455807 -0.219337 -1.115965
v 1.689885 -0.219625 -1.002078
v 1.679932 -0.440555 -1.171247
v 1.490409 -0.440447 -1.171247
v 1.490409 -0.219337 -1.171247
v 1.679932 -0.219336 -1.171247
v 1.640244 -0.440448 -1.271343
v 1.459056 -0.440447 -1.271343
v 1.459057 -0.219336 -1.271343
v 1.640245 -0.219336 -1.271343
v 1.640244 -0.440448 -1.363027
v 1.459056 -0.440447 -1.363027
v 1.459057 -0.230145 -1.363027
v 1.640245 -0.219336 -1.363027
v -0.462085 -0.618222 -0.353817
v -0.462085 -0.726179 -0.005687
v -0.462085 -0.799302 0.582455
v 1.822907 -0.697710 0.424587
v 1.822907 -0.697236 0.002838
v 1.822907 -0.580604 -0.418912
v 0.680411 -0.854625 -0.351327
v 0.680411 -0.946602 0.081189
v 0.680411 -0.860318 0.829744
v 0.003888 -0.816521 -0.344722
v 0.043366 -0.963868 0.062598
v 0.082844 -0.885534 0.749579
v 1.642214 -0.703019 -0.422813
v 1.567162 -0.888949 -0.015408
v 1.492110 -0.784501 0.624702
v 1.025038 -0.784843 0.807302
v 0.970732 -1.012520 0.064002
v 0.916425 -0.917919 -0.370728
v 2.135054 -0.276984 -0.098909
v 2.135054 -0.281352 -0.145264
v 2.135054 -0.276984 -0.191620
v -0.772904 -0.575017 -0.115004
v -0.706644 -0.626040 0.254894
v -0.640384 -0.715518 0.668327
v -1.066483 -0.424162 0.221659
v -0.943443 -0.543430 0.521704
v -0.820403 -0.589761 0.821749
v -1.168143 -0.435391 0.377924
v -1.115271 -0.525036 0.691402
v -1.062399 -0.497204 1.004879
v -1.392978 -0.572392 0.377924
v -1.392978 -0.581640 0.691402
v -1.392978 -0.527656 1.004879
v -1.550045 -0.523116 0.373063
v -1.572716 -0.523116 0.654852
v -1.571895 -0.497204 0.936642
v -1.686675 -0.409432 0.347879
v -1.706860 -0.409432 0.582455
v -1.727044 -0.409432 0.817031
v -1.841970 -0.409432 0.292178
v -1.862155 -0.409432 0.514765
v -1.882339 -0.409432 0.737352
v -2.029368 -0.372129 0.345428
v -2.061003 -0.372129 0.463311
v -2.081187 -0.372129 0.656268
v -2.137246 -0.325087 0.384071
v -2.157430 -0.325087 0.463311
v -2.177614 -0.325087 0.542552
v -2.231247 -0.100643 0.384071
v -2.247748 -0.100643 0.463311
v -2.307966 -0.100643 0.542552
v 1.286234 -0.743529 -0.751149
v 1.251659 -0.533180 0.996159
v 1.251659 -0.135680 1.095036
v 1.286234 -0.135680 -0.751149
v 1.376631 -0.700965 -0.829913
v 1.376631 -0.173550 -0.829913
v 1.509489 -0.579078 -1.001062
v 1.509490 -0.173550 -1.001062
v 1.602766 -0.485729 -1.058869
v 1.602766 -0.173550 -1.058869
v 1.620012 -0.483097 -1.172286
v 1.620012 -0.173550 -1.172286
v 1.570307 -0.482963 -1.273445
v 1.570307 -0.173550 -1.273445
v 1.570307 -0.482963 -1.366103
v 1.570307 -0.173550 -1.366103
v 1.258574 -0.796652 0.715996
v 1.268947 -0.988762 0.002800
v 1.279319 -0.958792 -0.425185
v -0.176461 -0.556370 0.926433
v -0.242258 -0.656471 -0.659681
v -0.242257 -0.135680 -0.659681
v -0.176461 -0.135680 1.025310
v -0.229236 -0.605383 -0.896202
v -0.229235 -0.135680 -0.896202
v -0.290238 -0.533180 -1.124530
v -0.290238 -0.135680 -1.124530
v -0.281137 -0.533180 -1.233434
v -0.281137 -0.135680 -1.233434
v -0.290099 -0.533180 -1.325921
v -0.290099 -0.135680 -1.325921
v -0.189620 -0.828028 0.659760
v -0.209359 -0.833355 0.013671
v -0.229098 -0.821334 -0.385187
v 1.822907 -0.347515 -0.700078
v -0.462085 -0.343413 0.922167
v 0.680411 -0.343414 1.208450
v 0.109163 -0.343414 1.113316
v 0.880221 -0.373200 -0.723782
v 1.442075 -0.343414 0.992432
v 2.135054 -0.239762 -0.282789
v -0.596210 -0.343413 0.921869
v -0.738376 -0.343413 1.021780
v -1.027151 -0.250633 1.206296
v -1.392978 -0.250633 1.206296
v -1.574857 -0.250632 1.116933
v -1.740500 -0.209500 0.973415
v -1.895795 -0.209500 0.885743
v -2.094643 -0.206075 0.784906
v -2.192060 -0.250632 0.697191
v -0.462085 -0.343413 -0.661961
v -0.462085 -0.343413 -0.661961
v 1.822907 -0.343414 0.698185
v 0.680411 -0.343414 -0.715353
v -0.022430 -0.343413 -0.657401
v 1.692248 -0.349602 -0.778516
v 1.061243 -0.343414 1.182504
v 2.135054 -0.242083 -0.011291
v -0.817078 -0.250633 -0.376114
v -1.148510 -0.250633 0.021628
v -1.203391 -0.236662 0.168939
v -1.392978 -0.250632 0.168939
v -1.534931 -0.250632 0.185203
v -1.673219 -0.209500 0.191495
v -1.828514 -0.209500 0.143786
v -1.993413 -0.206075 0.153923
v -2.141828 -0.250632 0.339844
v -0.022430 -0.343413 -0.657401
v -0.399228 -0.343413 -0.898482
v -0.059243 -0.343413 -0.893922
v -0.403909 -0.343413 -1.156961
v -0.176567 -0.343413 -1.092098
v -0.423944 -0.343413 -1.231351
v -0.138330 -0.343413 -1.235518
v -0.432906 -0.343413 -1.323837
v -0.147292 -0.343413 -1.328004
v 1.054277 -0.453108 -0.829913
v 1.698984 -0.349422 -0.829913
v 1.299212 -0.363617 -1.065830
v 1.719767 -0.348062 -0.936294
v 1.438986 -0.343414 -1.116418
v 1.766545 -0.346332 -1.001321
v 1.487408 -0.343414 -1.172286
v 1.752617 -0.343414 -1.172286
v 1.443534 -0.343414 -1.273445
v 1.697080 -0.343414 -1.273445
v 1.443534 -0.343414 -1.366103
v 1.697080 -0.343414 -1.366103
v -2.240148 -0.250632 0.542552
v -2.219964 -0.250632 0.463311
v -2.187609 -0.250632 0.384071
v 1.251659 -0.343414 1.087468
v 1.570307 -0.343414 -1.366103
v -0.290099 -0.343413 -1.325921
v -0.176461 -0.343413 1.017741
v -1.298184 -0.358160 0.168939
v -1.210065 -0.387890 1.164601
v -1.210065 -0.100109 1.236142
v -1.298185 -0.081196 0.168939
v -1.227689 -0.513008 1.004879
v -1.254125 -0.579380 0.691402
v -1.280560 -0.484985 0.377924
v -1.210065 -0.250503 1.206296
v -1.298184 -0.243499 0.168939
v 1.822907 -0.033180 0.705753
v -1.203391 -0.033180 0.168939
v -2.182373 -0.033179 0.331959
v -1.740500 -0.033180 1.002056
v -0.242257 -0.033180 -0.659681
v -1.210065 -0.033180 1.242505
v 1.822907 -0.033180 -0.700078
v -0.176461 -0.033180 1.025310
v -0.024377 -0.033180 -0.659336
v -0.462085 -0.460626 0.869208
v 0.680411 -0.453478 1.155491
v 0.109163 -0.455668 1.060357
v 1.442075 -0.454236 0.939473
v -0.596210 -0.453478 0.868910
v -0.738376 -0.430465 0.973786
v -1.027151 -0.314111 1.182113
v -1.392978 -0.330102 1.182113
v -1.574857 -0.330102 1.092751
v -1.740500 -0.273938 0.973415
v -1.895795 -0.273938 0.885743
v -2.065200 -0.240410 0.784906
v -2.149554 -0.293816 0.697191
v -0.439945 -0.469141 -0.689122
v -2.203878 -0.293816 0.542552
v -2.183694 -0.293816 0.463311
v 1.251659 -0.453478 1.034509
v -0.176461 -0.466928 0.964783
v 1.822907 -0.453478 0.645226
v 1.061243 -0.453478 1.129545
v 2.135054 -0.259004 -0.048360
v -0.817078 -0.330102 -0.376114
v -1.148510 -0.290448 0.021628
v -1.203391 -0.273897 0.168939
v -1.392978 -0.346046 0.168939
v -1.534931 -0.330102 0.185203
v -1.673219 -0.273938 0.191495
v -1.799071 -0.244516 0.143786
v -1.983660 -0.240410 0.167871
v -2.112537 -0.293816 0.339844
v -2.158398 -0.293816 0.384071
v -1.210065 -0.314196 1.182113
v -1.298184 -0.310002 0.168939
v -1.014639 -0.424026 1.232134
v -1.014639 -0.366479 1.232134
v -1.222577 -0.334643 1.247759
v -1.222577 -0.392345 1.247759
v -1.040340 -0.414368 1.282305
v -1.040340 -0.371148 1.282305
v -1.196876 -0.344320 1.297930
v -1.196876 -0.387657 1.297930
v -1.077177 -0.395095 1.322100
v -1.077177 -0.363428 1.322100
v -1.160039 -0.349769 1.337725
v -1.160039 -0.381521 1.337725
v -0.487535 -0.463694 -1.299107
v -0.504318 -0.406041 -1.303506
v -0.509184 -0.406175 -1.322380
v -0.491439 -0.463846 -1.315691
v -0.334780 -0.580608 -1.310290
v -0.396116 -0.566994 -1.305367
v -0.400149 -0.566975 -1.321948
v -0.339759 -0.580591 -1.329160
v -0.504533 -0.302446 -1.303485
v -0.487752 -0.239960 -1.299087
v -0.491661 -0.239819 -1.315671
v -0.509404 -0.302321 -1.322359
v -0.387154 -0.126950 -1.280333
v -0.352283 -0.114088 -1.287826
v -0.355117 -0.114105 -1.316584
v -0.389451 -0.126970 -1.305600
v 1.321528 -0.420631 -1.353164
v 1.313514 -0.370530 -1.353714
v 1.313514 -0.370530 -1.377947
v 1.321528 -0.420631 -1.377143
v 1.381384 -0.168513 -1.357353
v 1.438809 -0.144658 -1.355991
v 1.436270 -0.145824 -1.380224
v 1.378836 -0.175256 -1.381262
v 1.441165 -0.516015 -1.353714
v 1.383724 -0.494063 -1.353164
v 1.383724 -0.494063 -1.377143
v 1.441165 -0.516015 -1.377947
v 1.313244 -0.312368 -1.354043
v 1.321263 -0.248296 -1.353752
v 1.321318 -0.253465 -1.377755
v 1.313297 -0.311963 -1.378276
v 2.307966 -0.033180 -0.257142
v -2.244518 -0.033179 0.463311
v 1.251659 -0.033180 1.095036
v 0.109163 -0.033180 1.120884
v -2.094643 -0.033180 0.784906
v 1.306859 -0.033180 -0.742932
v 0.003889 0.750161 -0.344722
v -0.209359 0.766995 0.013671
v -0.229098 0.754974 -0.385187
v 1.061243 0.466820 1.091196
v 1.251659 0.387118 1.034509
v 1.061243 0.387118 1.129545
v 1.642214 0.636659 -0.422813
v 1.567162 0.822589 -0.015408
v 1.279320 0.892432 -0.425185
v 0.109163 0.470596 1.022007
v 0.680411 0.466820 1.117141
v 0.109163 0.389308 1.060357
v 0.680411 0.788265 -0.351327
v 0.043367 0.897508 0.062598
v 1.056505 0.588832 -0.727455
v 0.680411 0.472313 -0.715353
v 0.880221 0.306840 -0.723782
v 1.442075 0.468126 0.901123
v 1.822907 0.387118 0.645226
v 1.442075 0.387876 0.939473
v 1.822907 0.514244 -0.418912
v 1.822907 0.630876 0.002838
v 0.680411 0.793958 0.829744
v 0.680411 0.880242 0.081189
v 1.025039 0.718483 0.807302
v 1.822907 0.472307 -0.589452
v 1.822907 0.281155 -0.700078
v 2.135054 0.196195 -0.240008
v 1.822907 0.631350 0.424587
v 2.135054 0.210624 -0.098909
v -0.462085 0.551863 -0.353817
v -0.462085 0.659819 -0.005687
v -0.772904 0.508658 -0.115004
v -0.462085 0.479145 0.830859
v -0.462085 0.394267 0.869208
v -0.596210 0.466820 0.830561
v -0.706644 0.559681 0.254894
v -1.066483 0.357803 0.221659
v -0.596210 0.387118 0.868910
v -0.738376 0.427144 0.939031
v -0.943443 0.477071 0.521704
v -1.168143 0.369032 0.377924
v -0.738376 0.364106 0.973786
v -1.027151 0.321289 1.164601
v -1.115271 0.458677 0.691402
v -1.280560 0.418626 0.377924
v -1.077177 0.328736 1.322100
v -1.077177 0.297069 1.322100
v -1.160039 0.315162 1.337725
v -1.392977 0.506033 0.377924
v -1.572716 0.456757 0.654852
v -1.550045 0.456757 0.373063
v -1.392978 0.321289 1.164601
v -1.574857 0.263743 1.092751
v -1.574857 0.321289 1.075239
v -1.706860 0.343073 0.582455
v -1.686675 0.343073 0.347879
v -1.740500 0.254240 0.973415
v -1.862154 0.343073 0.514765
v -1.841970 0.343073 0.292178
v -1.740500 0.207579 0.973415
v -1.895795 0.254240 0.885743
v -2.061003 0.305770 0.463311
v -2.029368 0.305770 0.345428
v -1.895795 0.207579 0.885743
v -2.043879 0.198915 0.784906
v -2.137246 0.258728 0.384071
v -2.065200 0.174051 0.784906
v -2.118773 0.258728 0.697191
v -2.231247 0.034284 0.384071
v -2.228017 -0.033179 0.384071
v -0.070105 0.496855 -0.704784
v -0.242257 0.590111 -0.659681
v -0.439945 0.402782 -0.689122
v -0.462085 0.277054 -0.661961
v -0.462085 0.277054 -0.661961
v 1.442075 0.069320 1.000000
v 1.442075 -0.033180 1.000000
v 1.251659 0.069320 1.095036
v 0.680411 0.069320 1.216018
v 0.680411 -0.033180 1.216019
v 0.109163 0.069320 1.120884
v 0.680411 0.069320 -0.715353
v 0.928673 -0.033180 -0.707120
v 1.056505 0.131930 -0.727455
v 1.822907 0.069320 0.705753
v 1.822907 0.069320 -0.700078
v 2.135054 0.077148 -0.367564
v -0.462085 0.069320 0.929736
v -0.462085 -0.033180 0.929736
v -0.596210 -0.005448 0.929438
v -0.738376 -0.033180 1.021780
v -0.738376 0.069320 1.021780
v -1.027151 0.034284 1.236142
v -1.027151 -0.033180 1.242505
v -1.210065 0.033749 1.236142
v -1.392978 0.034284 1.236142
v -1.392978 -0.033180 1.242505
v -1.574857 0.034284 1.146780
v -1.574857 -0.033180 1.153142
v -1.740500 0.021523 0.995693
v -1.895795 0.021523 0.885743
v -1.895795 -0.033180 0.885743
v -2.094643 0.020461 0.784906
v -2.227365 -0.033179 0.705076
v -2.230596 0.034284 0.697191
v -0.170587 0.110670 -1.294028
v -0.147292 0.277054 -1.328004
v -0.290099 0.069320 -1.325921
v -0.462085 0.277054 0.922167
v -0.176461 0.069320 1.025310
v -2.157430 0.258728 0.463311
v -2.158398 0.227457 0.384071
v 1.640245 0.152976 -1.363027
v 1.697080 0.277054 -1.366103
v 1.570307 0.107190 -1.366103
v 0.680411 0.277054 -0.715353
v -0.070105 0.110670 -0.704784
v 1.636792 0.130789 -0.781615
v 0.680411 0.277054 1.208450
v 1.061243 0.069320 1.190073
v 1.822907 0.277054 0.698185
v 2.135054 0.077148 0.077035
v -0.423913 0.110670 -0.708791
v -0.817078 0.184273 -0.376114
v -0.817078 0.034284 -0.376114
v -1.148510 0.034284 0.021628
v -1.203391 0.170303 0.168939
v -1.203391 -0.003439 0.168939
v -1.298185 0.014837 0.168939
v -1.392978 0.034284 0.168939
v -1.534931 0.184273 0.185203
v -1.534931 0.034284 0.185203
v -1.673219 0.021523 0.191495
v -1.673219 0.143141 0.191495
v -1.828514 0.021523 0.143786
v -1.828514 0.143141 0.143786
v -2.043376 0.020461 0.141716
v -1.993413 0.139716 0.153924
v -2.185603 0.034284 0.339844
v -0.022430 0.277054 -0.657401
v -0.022430 0.277054 -0.657401
v -0.099730 0.468490 -0.912609
v -0.423913 0.493826 -0.708791
v -0.373330 0.472526 -0.916616
v -0.242257 0.069320 -0.659681
v -0.373330 0.110670 -0.916616
v -0.059243 0.277054 -0.893922
v -0.099730 0.110670 -0.912609
v -0.229235 0.539024 -0.896202
v -0.194145 0.430554 -1.086742
v -0.399228 0.277054 -0.898482
v -0.377097 0.430554 -1.143736
v -0.290238 0.069320 -1.124530
v -0.377097 0.110670 -1.143736
v -0.176566 0.277054 -1.092098
v -0.194145 0.110670 -1.086742
v -0.281137 0.466820 -1.233434
v -0.163375 0.430554 -1.212762
v -0.403909 0.277054 -1.156961
v -0.393220 0.430554 -1.209100
v -0.281137 0.069320 -1.233434
v -0.393220 0.110670 -1.209100
v -0.163375 0.110670 -1.212762
v -0.170587 0.430554 -1.294028
v -0.487535 0.397334 -1.299107
v -0.504318 0.339682 -1.303506
v -0.491438 0.397487 -1.315691
v -0.387154 0.060590 -1.280333
v -0.355117 0.047746 -1.316584
v -0.389451 0.060610 -1.305600
v -0.138330 0.277054 -1.235518
v 1.636792 0.448257 -0.781615
v 1.376631 0.634605 -0.829913
v 1.641605 0.439650 -0.832471
v 1.180888 0.615114 -0.832471
v 1.286234 0.069320 -0.751149
v 1.180888 0.170791 -0.832471
v 1.692248 0.283242 -0.778516
v 1.698984 0.107643 -0.829913
v 1.509490 0.512718 -1.001062
v 1.656457 0.418634 -0.937734
v 1.054278 0.386748 -0.829913
v 1.355922 0.459335 -1.065909
v 1.376631 0.107190 -0.829913
v 1.355922 0.152976 -1.065909
v 1.698984 0.283061 -0.829913
v 1.656457 0.154155 -0.937734
v 1.602766 0.419369 -1.058869
v 1.689885 0.377923 -1.002078
v 1.299212 0.297258 -1.065830
v 1.455807 0.374489 -1.115965
v 1.509490 0.107190 -1.001062
v 1.455807 0.152976 -1.115965
v 1.719767 0.281702 -0.936294
v 1.689885 0.153265 -1.002078
v 1.679932 0.374195 -1.171247
v 1.438986 0.277054 -1.116418
v 1.490410 0.374087 -1.171247
v 1.602766 0.107190 -1.058869
v 1.490409 0.152976 -1.171247
v 1.766545 0.279972 -1.001321
v 1.679932 0.152976 -1.171247
v 1.620013 0.416737 -1.172286
v 1.640245 0.374087 -1.271343
v 1.487408 0.277054 -1.172286
v 1.459057 0.374087 -1.271343
v 1.570307 0.107190 -1.273445
v 1.459057 0.152976 -1.271343
v 1.752617 0.277054 -1.172286
v 1.640245 0.152976 -1.271343
v 1.570307 0.416603 -1.273445
v 1.640245 0.374087 -1.363027
v 1.321529 0.354271 -1.353164
v 1.313514 0.304170 -1.353714
v 1.321529 0.354271 -1.377143
v 1.381384 0.102153 -1.357353
v 1.438809 0.078298 -1.355991
v 1.378836 0.108896 -1.381262
v 1.697080 0.277054 -1.273445
v 0.082845 0.819174 0.749580
v -0.176461 0.490011 0.926433
v -0.189620 0.761668 0.659760
v 1.492110 0.718141 0.624703
v 1.258574 0.730292 0.715996
v 1.268947 0.922402 0.002800
v 0.916425 0.851559 -0.370727
v 1.822907 0.466820 0.606876
v 0.970732 0.946160 0.064002
v 2.135054 0.210624 -0.191620
v 2.135054 0.214992 -0.145264
v 2.135054 0.204897 -0.075203
v -0.462085 0.732943 0.582455
v -0.640384 0.649158 0.668327
v -0.817078 0.321289 -0.376114
v -0.820403 0.523402 0.821749
v -1.148509 0.252920 0.021628
v -1.062399 0.430845 1.004879
v -1.203391 0.234500 0.168939
v -1.210065 0.321530 1.164601
v -1.227688 0.446649 1.004879
v -1.254124 0.513021 0.691402
v -1.392978 0.348780 0.168939
v -1.392977 0.461296 1.004879
v -1.571895 0.430845 0.936642
v -1.392978 0.515281 0.691402
v -1.534931 0.321289 0.185203
v -1.727044 0.343073 0.817031
v -1.882339 0.343073 0.737352
v -1.673219 0.254240 0.191495
v -2.081187 0.305770 0.656268
v -1.976598 0.198915 0.177971
v -2.177614 0.258728 0.542552
v -2.091327 0.258728 0.339844
v -2.307966 0.034284 0.542552
v -2.304883 -0.033179 0.542552
v -2.247748 0.034284 0.463311
v -2.149554 0.227457 0.697191
v -2.203878 0.227457 0.542552
v -2.183694 0.227457 0.463311
v -2.187609 0.184273 0.384071
v 1.251659 0.466820 0.996159
v 1.570307 0.416603 -1.366103
v 1.459057 0.374087 -1.363027
v 1.570307 0.277054 -1.366103
v 1.286235 0.677169 -0.751149
v 1.620012 0.107190 -1.172286
v 1.441165 0.449655 -1.353714
v 1.383724 0.427703 -1.353164
v 1.441165 0.449655 -1.377947
v -0.290099 0.466820 -1.325921
v -0.400432 0.430554 -1.290366
v -0.290099 0.277054 -1.325921
v -0.176461 0.400569 0.964783
v -0.229235 0.069320 -0.896202
v -0.290238 0.466820 -1.124530
v -0.334780 0.514249 -1.310290
v -0.396116 0.500635 -1.305367
v -0.339759 0.514232 -1.329160
v 1.251659 0.277054 1.087468
v 1.061243 0.277054 1.182504
v 0.109163 0.277054 1.113316
v 1.442075 0.277054 0.992432
v 2.135054 0.173402 -0.282789
v -0.596210 0.277054 0.921869
v -0.738376 0.277054 1.021780
v -1.027151 0.184273 1.206296
v -1.210065 0.184144 1.206296
v -1.392978 0.184273 1.206296
v -1.574857 0.184273 1.116933
v -1.740500 0.143141 0.973415
v -1.895795 0.143141 0.885743
v -2.094643 0.139716 0.784906
v -2.192060 0.184273 0.697191
v -0.176461 0.277054 1.017741
v -2.219964 0.184273 0.463311
v 0.680411 0.387118 1.155491
v 2.135054 0.175723 -0.011291
v -0.817078 0.263743 -0.376114
v -1.148510 0.224088 0.021628
v -1.148510 0.184273 0.021628
v -1.203391 0.207537 0.168939
v -1.298184 0.177140 0.168939
v -1.392978 0.184273 0.168939
v -1.534931 0.263743 0.185203
v -1.673219 0.207579 0.191495
v -1.799071 0.178157 0.143786
v -1.983660 0.174051 0.167871
v -2.141828 0.184273 0.339844
v -0.423944 0.277054 -1.231351
v -0.504533 0.236086 -1.303485
v -0.487752 0.173601 -1.299087
v -0.509404 0.235962 -1.322359
v 1.443534 0.277054 -1.273445
v 1.313244 0.246008 -1.354043
v 1.321263 0.181936 -1.353752
v 1.313297 0.245603 -1.378276
v -2.240148 0.184273 0.542552
v 1.443534 0.277054 -1.366103
v 1.459057 0.163785 -1.363027
v -0.432906 0.277054 -1.323837
v -0.400432 0.110670 -1.290366
v -1.210065 0.247837 1.182113
v -1.392978 -0.033180 0.168939
v -1.298185 -0.033180 0.168939
v -1.298184 0.291801 0.168939
v -1.392978 0.279687 0.168939
v -1.298184 0.243643 0.168939
v 1.690252 -0.033180 -0.778628
v 0.680411 -0.033180 -0.715353
v 1.061243 -0.033180 1.190073
v 2.135054 -0.033180 0.102908
v -0.460526 -0.033180 -0.663873
v -0.817078 -0.033180 -0.376114
v -1.148510 -0.033180 0.021628
v -1.534931 -0.033180 0.185203
v -1.673219 -0.033180 0.191495
v -1.828514 -0.033180 0.143786
v -2.040146 -0.033179 0.141716
v -1.027151 0.247751 1.182113
v -1.392978 0.263743 1.182113
v 2.135054 0.192644 -0.048360
v -1.777750 0.203513 0.143786
v -2.112537 0.227457 0.339844
v -1.014639 0.300119 1.232134
v -1.014639 0.357666 1.232134
v -1.222577 0.268283 1.247759
v -1.222577 0.325986 1.247759
v -1.040340 0.304788 1.282305
v -1.040340 0.348009 1.282305
v -1.196876 0.277960 1.297930
v -1.196876 0.321298 1.297930
v -1.160039 0.283409 1.337725
v -0.509184 0.339816 -1.322380
v -0.400149 0.500615 -1.321948
v -0.491661 0.173459 -1.315671
v -0.352283 0.047728 -1.287826
v 1.313514 0.304170 -1.377947
v 1.436270 0.079464 -1.380224
v 1.383724 0.427703 -1.377143
v 1.321318 0.187105 -1.377755
v 2.135054 -0.033180 -0.393436
v -0.596210 -0.033180 0.929438
vt 0.415088 0.351121
vt 0.471479 0.275613
vt 0.466494 0.365718
vt 0.744385 0.886511
vt 0.787415 0.904522
vt 0.744385 0.904522
vt 0.045045 0.329972
vt 0.071536 0.240184
vt 0.126546 0.339077
vt 0.529236 0.885657
vt 0.658325 0.886511
vt 0.529236 0.904027
vt 0.262890 0.336625
vt 0.415837 0.258647
vt 0.852859 0.664090
vt 0.879190 0.579101
vt 0.916583 0.624253
vt 0.830445 0.886216
vt 0.916505 0.904522
vt 0.830445 0.904350
vt 0.004528 0.324827
vt 0.014491 0.230043
vt 0.290788 0.071190
vt 0.273107 0.239421
vt 0.212806 0.068093
vt 0.619784 0.328609
vt 0.662980 0.303610
vt 0.682179 0.407576
vt 0.583843 0.557760
vt 0.583950 0.462454
vt 0.678918 0.439461
vt 0.519597 0.364172
vt 0.527820 0.285933
vt 0.595091 0.317843
vt 0.400146 0.883726
vt 0.400146 0.902906
vt 0.369836 0.886511
vt 0.588937 0.233146
vt 0.669023 0.249116
vt 0.369836 0.904522
vt 0.337710 0.895477
vt 0.648458 0.178777
vt 0.695561 0.216398
vt 0.337710 0.909722
vt 0.272453 0.919398
vt 0.691083 0.144698
vt 0.720826 0.219053
vt 0.252138 0.568014
vt 0.253381 0.560967
vt 0.271112 0.568245
vt 0.746091 0.221709
vt 0.793027 0.163717
vt 0.781275 0.226511
vt 0.189784 0.919397
vt 0.148683 0.932402
vt 0.148683 0.919397
vt 0.821464 0.183156
vt 0.811387 0.235398
vt 0.111251 0.934549
vt 0.854766 0.202037
vt 0.844972 0.251585
vt 0.111251 0.945094
vt 0.076158 0.934549
vt 0.898240 0.218298
vt 0.888346 0.244044
vt 0.076158 0.945094
vt 0.042694 0.947052
vt 0.913503 0.237908
vt 0.037876 0.952670
vt 0.025769 0.933535
vt 0.000500 0.691753
vt 0.018407 0.706999
vt 0.000500 0.706999
vt 0.423213 0.433789
vt 0.462967 0.427719
vt 0.557523 0.617169
vt 0.528626 0.620303
vt 0.528626 0.620303
vt 0.830445 0.976337
vt 0.830445 0.999500
vt 0.787415 0.976337
vt 0.658325 0.976337
vt 0.658325 0.999500
vt 0.529236 0.976337
vt 0.970258 0.579101
vt 0.993420 0.635203
vt 0.956109 0.664090
vt 0.916505 0.976337
vt 0.916505 0.999500
vt 0.155708 0.002269
vt 0.155708 0.025432
vt 0.080567 0.000500
vt 0.400146 0.976337
vt 0.400146 0.999500
vt 0.369836 0.993233
vt 0.337710 0.999500
vt 0.337710 0.976337
vt 0.272453 0.984255
vt 0.272453 0.999500
vt 0.231118 0.984375
vt 0.189784 0.984255
vt 0.189784 0.999500
vt 0.148683 0.984255
vt 0.148683 0.999500
vt 0.111251 0.987138
vt 0.111251 0.999500
vt 0.076158 0.987138
vt 0.076158 0.999500
vt 0.031222 0.987378
vt 0.001230 0.999500
vt 0.000500 0.984255
vt 0.529434 0.623422
vt 0.567033 0.618158
vt 0.520090 0.650429
vt 0.400146 0.929394
vt 0.464691 0.976337
vt 0.000500 0.641034
vt 0.018407 0.641034
vt 0.000500 0.648100
vt 0.744800 0.652472
vt 0.775631 0.653220
vt 0.728572 0.662141
vt 0.923314 0.579101
vt 0.960913 0.409500
vt 0.970258 0.837280
vt 0.922387 0.837280
vt 0.956367 0.795222
vt 0.658325 0.929394
vt 0.744385 0.976337
vt 0.710850 0.621297
vt 0.663907 0.619587
vt 0.709081 0.479221
vt 0.960913 0.329547
vt 0.944281 0.240700
vt 0.978175 0.240700
vt 0.299705 0.599089
vt 0.299705 0.632983
vt 0.182709 0.599089
vt 0.149195 0.629826
vt 0.149195 0.590564
vt 0.190319 0.813607
vt 0.190319 0.852869
vt 0.168897 0.817737
vt 0.147476 0.822132
vt 0.115398 0.856026
vt 0.115398 0.822132
vt 0.084148 0.819248
vt 0.084148 0.846731
vt 0.049054 0.819248
vt 0.049054 0.846731
vt 0.000500 0.819008
vt 0.747353 0.625852
vt 0.750679 0.596693
vt 0.801348 0.637335
vt 0.923314 0.420274
vt 0.923314 0.420274
vt 0.424961 0.481196
vt 0.578449 0.614899
vt 0.578571 0.567689
vt 0.010158 0.080436
vt 0.000500 0.039023
vt 0.057493 0.070651
vt 0.396599 0.570263
vt 0.358999 0.527522
vt 0.396598 0.523299
vt 0.454454 0.480567
vt 0.442067 0.522561
vt 0.534213 0.567148
vt 0.574503 0.515655
vt 0.105103 0.053525
vt 0.108756 0.073293
vt 0.358999 0.482739
vt 0.396598 0.483949
vt 0.458153 0.557583
vt 0.432175 0.550156
vt 0.540318 0.509057
vt 0.576047 0.500965
vt 0.129770 0.052329
vt 0.123391 0.077450
vt 0.396598 0.455471
vt 0.431876 0.568590
vt 0.005916 0.104859
vt 0.004896 0.118426
vt 0.002071 0.105058
vt 0.139526 0.076642
vt 0.147965 0.069692
vt 0.145214 0.077360
vt 0.358999 0.450329
vt 0.396598 0.437107
vt 0.037788 0.410737
vt 0.095116 0.427737
vt 0.035505 0.422053
vt 0.196053 0.882034
vt 0.194948 0.806886
vt 0.227662 0.901768
vt 0.309329 0.723311
vt 0.314683 0.671397
vt 0.333060 0.695203
vt 0.014363 0.212104
vt 0.000636 0.246096
vt 0.000500 0.206386
vt 0.061215 0.463063
vt 0.029681 0.445359
vt 0.228894 0.842815
vt 0.301689 0.892378
vt 0.332482 0.650969
vt 0.385812 0.655649
vt 0.413339 0.006219
vt 0.413339 0.045860
vt 0.388974 0.016730
vt 0.038886 0.473851
vt 0.020649 0.459030
vt 0.690207 0.678567
vt 0.653456 0.666116
vt 0.688995 0.648976
vt 0.371158 0.620946
vt 0.397124 0.633077
vt 0.389299 0.045553
vt 0.374433 0.016529
vt 0.018889 0.497284
vt 0.399419 0.722373
vt 0.377401 0.722271
vt 0.399329 0.709881
vt 0.384221 0.599867
vt 0.409616 0.625258
vt 0.374605 0.045162
vt 0.336205 0.016463
vt 0.032331 0.498933
vt 0.025445 0.520718
vt 0.377401 0.709646
vt 0.399328 0.687261
vt 0.432711 0.607202
vt 0.432236 0.632343
vt 0.335970 0.044502
vt 0.313585 0.016463
vt 0.041113 0.522842
vt 0.023279 0.541323
vt 0.303493 0.566568
vt 0.292172 0.566443
vt 0.303493 0.561149
vt 0.451672 0.649895
vt 0.451364 0.636918
vt 0.457075 0.650471
vt 0.313110 0.044502
vt 0.292867 0.016463
vt 0.553844 0.705437
vt 0.466486 0.759590
vt 0.493715 0.677934
vt 0.482305 0.129944
vt 0.821095 0.802491
vt 0.783761 0.878205
vt 0.776303 0.798794
vt 0.103523 0.098098
vt 0.138987 0.243136
vt 0.209390 0.335410
vt 0.169482 0.412272
vt 0.658325 0.812584
vt 0.523288 0.806886
vt 0.423192 0.103322
vt 0.921208 0.124233
vt 0.867159 0.111667
vt 0.921052 0.034692
vt 0.024453 0.135258
vt 0.000500 0.363154
vt 0.254291 0.418437
vt 0.207454 0.236426
vt 0.211376 0.003436
vt 0.610307 0.367147
vt 0.678918 0.418510
vt 0.677931 0.428986
vt 0.680212 0.444818
vt 0.400146 0.826373
vt 0.359854 0.845306
vt 0.541712 0.153753
vt 0.598851 0.377568
vt 0.319173 0.873724
vt 0.583812 0.138666
vt 0.682733 0.296008
vt 0.627894 0.108438
vt 0.612229 0.080142
vt 0.686606 0.072998
vt 0.698546 0.264198
vt 0.723565 0.040590
vt 0.723753 0.076902
vt 0.722289 0.147978
vt 0.032679 0.406553
vt 0.010867 0.461483
vt 0.000500 0.406553
vt 0.760900 0.080806
vt 0.803438 0.069290
vt 0.799498 0.100368
vt 0.753495 0.151257
vt 0.773441 0.268374
vt 0.184377 0.665788
vt 0.131684 0.682966
vt 0.144096 0.646043
vt 0.831541 0.130914
vt 0.515577 0.092005
vt 0.550507 0.128492
vt 0.498057 0.128594
vt 0.871090 0.119458
vt 0.864560 0.152490
vt 0.804669 0.270226
vt 0.113424 0.621248
vt 0.065689 0.636423
vt 0.070053 0.597964
vt 0.907334 0.175410
vt 0.872531 0.280432
vt 0.916748 0.167101
vt 0.926319 0.203244
vt 0.919911 0.220576
vt 0.816760 0.587041
vt 0.803277 0.582431
vt 0.799952 0.566686
vt 0.036313 0.691753
vt 0.071258 0.691753
vt 0.036313 0.706999
vt 0.018407 0.691753
vt 0.036313 0.641034
vt 0.071258 0.648100
vt 0.036313 0.648100
vt 0.018407 0.648100
vt 0.814800 0.641918
vt 0.818280 0.607171
vt 0.787415 0.886511
vt 0.970258 0.716004
vt 0.993420 0.720665
vt 0.791416 0.692792
vt 0.771760 0.711177
vt 0.763073 0.678968
vt 0.117293 0.412171
vt 0.139047 0.432936
vt 0.321568 0.592178
vt 0.094196 0.481264
vt 0.332482 0.578124
vt 0.721079 0.658648
vt 0.717433 0.629050
vt 0.356847 0.587734
vt 0.061483 0.501761
vt 0.409616 0.582429
vt 0.409851 0.595970
vt 0.432236 0.591398
vt 0.068240 0.543932
vt 0.081162 0.545165
vt 0.067668 0.549378
vt 0.453650 0.607202
vt 0.746008 0.880121
vt 0.728881 0.798292
vt 0.158165 0.083097
vt 0.970258 0.370597
vt 0.993420 0.370597
vt 0.464691 0.999500
vt 0.502633 0.443047
vt 0.609917 0.650429
vt 0.601721 0.675362
vt 0.567033 0.650429
vt 0.464691 0.881270
vt 0.464691 0.901482
vt 0.486356 0.488559
vt 0.058746 0.008830
vt 0.054019 0.037948
vt 0.462770 0.533323
vt 0.097327 0.031526
vt 0.481837 0.539691
vt 0.468393 0.576123
vt 0.482294 0.576466
vt 0.469066 0.580482
vt 0.144327 0.027840
vt 0.150587 0.055082
vt 0.408879 0.723936
vt 0.787415 0.929394
vt 0.744385 0.929394
vt 0.529236 0.929394
vt 0.916505 0.929394
vt 0.830445 0.929394
vt 0.832556 0.011938
vt 0.832556 0.059808
vt 0.738258 0.036288
vt 0.369836 0.929394
vt 0.337710 0.929394
vt 0.272453 0.950360
vt 0.231118 0.950390
vt 0.189784 0.950360
vt 0.148683 0.950360
vt 0.111251 0.959655
vt 0.076158 0.959655
vt 0.031222 0.960429
vt 0.009208 0.950360
vt 0.492338 0.605849
vt 0.601721 0.623422
vt 0.464691 0.929394
vt 0.018407 0.657859
vt 0.000500 0.657859
vt 0.789709 0.674376
vt 0.879191 0.837280
vt 0.921916 0.807754
vt 0.658325 0.904522
vt 0.639034 0.607620
vt 0.686805 0.459261
vt 0.923314 0.320921
vt 0.926322 0.240700
vt 0.182709 0.641980
vt 0.182709 0.632983
vt 0.149195 0.638240
vt 0.190319 0.861283
vt 0.168897 0.854414
vt 0.147476 0.856026
vt 0.115398 0.873984
vt 0.084148 0.861292
vt 0.055708 0.854644
vt 0.013994 0.853716
vt 0.011791 0.845957
vt 0.754117 0.588762
vt 0.804813 0.602575
vt 0.873644 0.409500
vt 0.358999 0.580971
vt 0.315739 0.523299
vt 0.497247 0.559142
vt 0.324312 0.483949
vt 0.502612 0.508099
vt 0.542075 0.492338
vt 0.006269 0.141023
vt 0.008888 0.153647
vt 0.001876 0.141340
vt 0.324312 0.455471
vt 0.358999 0.429429
vt 0.898526 0.663587
vt 0.424954 0.045901
vt 0.424253 0.083191
vt 0.588956 0.069129
vt 0.556736 0.115630
vt 0.509496 0.070012
vt 0.412761 0.081246
vt 0.635653 0.635944
vt 0.669304 0.638415
vt 0.388974 0.076496
vt 0.349362 0.722373
vt 0.374433 0.067297
vt 0.349362 0.709881
vt 0.377401 0.686786
vt 0.336205 0.066454
vt 0.000566 0.272336
vt 0.000500 0.257857
vt 0.006042 0.272245
vt 0.313585 0.066430
vt 0.292172 0.044502
vt 0.071258 0.657859
vt 0.036313 0.657859
vt 0.817399 0.595496
vt 0.750514 0.704717
vt 0.729046 0.690343
vt 0.567033 0.682700
vt 0.529434 0.675362
vt 0.231118 0.935996
vt 0.147476 0.806886
vt 0.168897 0.806886
vt 0.764673 0.044910
vt 0.719850 0.266437
vt 0.168897 0.880325
vt 0.147476 0.877587
vt 0.168897 0.869442
vt 0.993420 0.419834
vt 0.993420 0.807303
vt 0.993420 0.579101
vt 0.993420 0.837280
vt 0.744385 0.999500
vt 0.734013 0.621297
vt 0.734013 0.485067
vt 0.993420 0.321273
vt 0.993420 0.240700
vt 0.299705 0.583843
vt 0.182709 0.583843
vt 0.149195 0.583843
vt 0.190319 0.806886
vt 0.115398 0.806886
vt 0.084148 0.806886
vt 0.049054 0.806886
vt 0.001230 0.806886
vt 0.743977 0.636387
vt 0.795719 0.650668
vt 0.810648 0.655251
vt 0.787415 0.999500
vt 0.231118 0.999500
vt 0.272453 0.936016
vt 0.189784 0.932402
vt 0.018814 0.940602
vt 0.047951 0.610161
vt 0.034814 0.612767
vt 0.037222 0.580346
vt 0.621024 0.598953
vt 0.682981 0.450884
vt 0.894902 0.325924
vt 0.913318 0.240700
vt 0.299705 0.650941
vt 0.182709 0.648496
vt 0.149195 0.644333
vt 0.190319 0.867376
vt 0.115398 0.886989
vt 0.084148 0.871837
vt 0.060526 0.860374
vt 0.015590 0.859335
vt 0.756605 0.583020
vt 0.803922 0.590891
vt 0.270572 0.014439
vt 0.255311 0.019223
vt 0.255311 0.006219
vt 0.000500 0.185509
vt 0.021119 0.143476
vt 0.016211 0.190891
vt 0.123845 0.560967
vt 0.105663 0.575157
vt 0.108374 0.562402
vt 0.681240 0.020796
vt 0.728341 0.022196
vt 0.243974 0.018168
vt 0.243974 0.008401
vt 0.154914 0.070366
vt 0.169783 0.029184
vt 0.166252 0.064558
vt 0.094794 0.571763
vt 0.096830 0.562184
vt 0.688201 0.010128
vt 0.723750 0.010314
vt 0.234981 0.019913
vt 0.234981 0.012757
vt 0.178776 0.037509
vt 0.175245 0.056234
vt 0.086286 0.568537
vt 0.087778 0.561519
vt 0.697420 0.002054
vt 0.716412 0.000500
vt 0.029897 0.092005
vt 0.355081 0.827780
vt 0.378720 0.806886
vt 0.377924 0.811218
vt 0.594249 0.695927
vt 0.581216 0.699937
vt 0.140661 0.573754
vt 0.155756 0.560967
vt 0.159064 0.562936
vt 0.172072 0.065182
vt 0.201175 0.057836
vt 0.198575 0.060534
vt 0.620631 0.661651
vt 0.617554 0.675298
vt 0.010173 0.229262
vt 0.010628 0.244398
vt 0.006219 0.244283
vt 0.084474 0.574986
vt 0.064604 0.556022
vt 0.079204 0.555248
vt 0.154914 0.573045
vt 0.187646 0.571175
vt 0.184407 0.573257
vt 0.557748 0.699987
vt 0.543623 0.695978
vt 0.000500 0.393236
vt 0.017078 0.390354
vt 0.017727 0.394710
vt 0.141493 0.068825
vt 0.518122 0.672880
vt 0.515215 0.665122
vt 0.017536 0.478624
vt 0.006219 0.480891
vt 0.006224 0.475181
vt 0.812605 0.085337
vt 0.845495 0.069537
vt 0.843684 0.080859
vt 0.000500 0.936372
vt 0.032189 0.915958
vt 0.031617 0.921404
vt 0.754111 0.737147
vt 0.743142 0.733811
vt 0.918031 0.129509
vt 0.886953 0.131738
vt 0.886953 0.126319
vt 0.054413 0.112354
vt 0.070461 0.092005
vt 0.080855 0.101466
vt 0.456841 0.637492
vt 0.709951 0.701199
vt 0.709662 0.686618
vt 0.204626 0.574869
vt 0.215417 0.560967
vt 0.219818 0.564154
vt 0.000500 0.492338
vt 0.011054 0.537029
vt 0.000939 0.527499
vt 0.223543 0.560967
vt 0.247451 0.577991
vt 0.242033 0.577991
vt 0.785336 0.722296
vt 0.775187 0.731789
vt 0.038924 0.543666
vt 0.326486 0.806886
vt 0.343926 0.837239
vt 0.329336 0.837019
vt 0.657346 0.011938
vt 0.623877 0.032600
vt 0.624431 0.027204
vt 0.731225 0.728054
vt 0.720138 0.720629
vt 0.304457 0.866828
vt 0.275014 0.869553
vt 0.275026 0.864077
vt 0.734013 0.403704
vt 0.636116 0.006219
vt 0.603208 0.057763
vt 0.590155 0.031884
vt 0.687330 0.397908
vt 0.062451 0.549529
vt 0.023376 0.574461
vt 0.023376 0.549529
vt 0.916505 0.886511
vt 0.484668 0.068214
vt 0.610128 0.065759
vt 0.272358 0.561179
vt 0.529236 0.999500
vt 0.488721 0.006467
vt 0.587215 0.008084
vt 0.369836 0.999500
vt 0.031222 0.999500
vt 0.457982 0.578581
vt 0.000500 0.118687
vt 0.846920 0.692198
vt 0.635315 0.722183
vt 0.292172 0.560967
vt 0.841201 0.006219
vt 0.577716 0.101162
vt 0.299705 0.663946
vt 0.260765 0.706287
vt 0.682457 0.036269
vt 0.741154 0.268676
vt 0.171763 0.703284
vt 0.838259 0.096086
vt 0.827034 0.283418
vt 0.901988 0.145618
vt 0.046013 0.891911
vt 0.073040 0.706999
vt 0.045843 0.578124
vt 0.057464 0.608274
vt 0.371388 0.580180
vt 0.070565 0.490155
vt 0.066165 0.524998
vt 0.080596 0.550554
vt 0.452955 0.591398
vt 0.166337 0.020296
vt 0.012044 0.000500
vt 0.483917 0.554762
vt 0.126030 0.025570
vt 0.482809 0.580287
vt 0.436746 0.648683
vt 0.487399 0.026602
vt 0.500857 0.114861
vt 0.440867 0.108405
vt 0.451830 0.072052
vt 0.309329 0.570263
vt 0.504156 0.493409
vt 0.005046 0.153910
vt 0.324312 0.437107
vt 0.947327 0.692198
vt 0.262270 0.816115
vt 0.325551 0.833320
vt 0.307079 0.854446
vt 0.649549 0.618158
vt 0.349362 0.687261
vt 0.005924 0.259025
vt 0.292867 0.066430
vt 0.147476 0.893201
vt 0.290260 0.560967
vt 0.290260 0.571282
vt 0.275014 0.570552
vt 0.874328 0.329547
vt 0.231118 0.919343
vt 0.266615 0.031057
vt 0.021054 0.520934
vt 0.021054 0.562268
vt 0.006219 0.565096
vt 0.124254 0.578079
vt 0.158445 0.023376
vt 0.650589 0.040940
vt 0.622974 0.063050
vt 0.618158 0.040533
vt 0.356509 0.806951
vt 0.126319 0.562169
vt 0.184828 0.051971
vt 0.160633 0.000500
vt 0.181533 0.000500
vt 0.164166 0.011218
vt 0.046252 0.573960
vt 0.168844 0.560967
vt 0.000670 0.372238
vt 0.017536 0.496988
vt 0.816113 0.063410
vt 0.002689 0.915548
vt 0.918031 0.150228
vt 0.034814 0.093523
vt 0.189229 0.561006
vt 0.020208 0.510673
vt 0.244262 0.560967
vt 0.354740 0.807315
vt 0.655180 0.032543
vt 0.304457 0.887766
vt 0.415088 0.351121
vt 0.466494 0.365718
vt 0.471479 0.275613
vt 0.744385 0.886511
vt 0.744385 0.904522
vt 0.787415 0.904522
vt 0.045045 0.329972
vt 0.126546 0.339077
vt 0.071536 0.240184
vt 0.529236 0.885657
vt 0.529236 0.904027
vt 0.658325 0.886511
vt 0.262890 0.336625
vt 0.415837 0.258647
vt 0.852859 0.664090
vt 0.916583 0.624253
vt 0.879190 0.579101
vt 0.830445 0.886216
vt 0.830445 0.904350
vt 0.916505 0.904522
vt 0.004528 0.324827
vt 0.014491 0.230043
vt 0.290788 0.071190
vt 0.212806 0.068093
vt 0.273107 0.239421
vt 0.619784 0.328609
vt 0.682179 0.407576
vt 0.662980 0.303610
vt 0.583843 0.557760
vt 0.678918 0.439461
vt 0.583950 0.462454
vt 0.519597 0.364172
vt 0.595091 0.317843
vt 0.527820 0.285933
vt 0.400146 0.883726
vt 0.369836 0.886511
vt 0.400146 0.902906
vt 0.669023 0.249116
vt 0.588937 0.233146
vt 0.337710 0.895477
vt 0.369836 0.904522
vt 0.695561 0.216398
vt 0.648458 0.178777
vt 0.272453 0.919398
vt 0.337710 0.909722
vt 0.720826 0.219053
vt 0.691083 0.144698
vt 0.252138 0.568014
vt 0.271112 0.568245
vt 0.253381 0.560967
vt 0.746091 0.221709
vt 0.781275 0.226511
vt 0.793027 0.163717
vt 0.189784 0.919397
vt 0.148683 0.919397
vt 0.148683 0.932402
vt 0.811387 0.235398
vt 0.821464 0.183156
vt 0.111251 0.934549
vt 0.844972 0.251585
vt 0.854766 0.202037
vt 0.076158 0.934549
vt 0.111251 0.945094
vt 0.888346 0.244044
vt 0.898240 0.218298
vt 0.042694 0.947052
vt 0.076158 0.945094
vt 0.913503 0.237908
vt 0.025769 0.933535
vt 0.037876 0.952670
vt 0.000500 0.691753
vt 0.423213 0.433789
vt 0.462967 0.427719
vt 0.557523 0.617169
vt 0.528626 0.620303
vt 0.528626 0.620303
vt 0.830445 0.976337
vt 0.787415 0.976337
vt 0.658325 0.976337
vt 0.529236 0.976337
vt 0.970258 0.579101
vt 0.956109 0.664090
vt 0.916505 0.976337
vt 0.155708 0.002269
vt 0.080567 0.000500
vt 0.400146 0.976337
vt 0.369836 0.993233
vt 0.337710 0.976337
vt 0.272453 0.984255
vt 0.231118 0.984375
vt 0.189784 0.984255
vt 0.148683 0.984255
vt 0.111251 0.987138
vt 0.076158 0.987138
vt 0.031222 0.987378
vt 0.000500 0.984255
vt 0.529434 0.623422
vt 0.520090 0.650429
vt 0.567033 0.618158
vt 0.464691 0.976337
vt 0.400146 0.929394
vt 0.000500 0.641034
vt 0.000500 0.648100
vt 0.018407 0.641034
vt 0.744800 0.652472
vt 0.728572 0.662141
vt 0.775631 0.653220
vt 0.960913 0.409500
vt 0.923314 0.579101
vt 0.970258 0.837280
vt 0.956367 0.795222
vt 0.922387 0.837280
vt 0.744385 0.976337
vt 0.658325 0.929394
vt 0.710850 0.621297
vt 0.709081 0.479221
vt 0.663907 0.619587
vt 0.960913 0.329547
vt 0.978175 0.240700
vt 0.944281 0.240700
vt 0.299705 0.599089
vt 0.182709 0.599089
vt 0.299705 0.632983
vt 0.149195 0.590564
vt 0.149195 0.629826
vt 0.190319 0.813607
vt 0.168897 0.817737
vt 0.190319 0.852869
vt 0.147476 0.822132
vt 0.115398 0.822132
vt 0.115398 0.856026
vt 0.084148 0.819248
vt 0.049054 0.819248
vt 0.084148 0.846731
vt 0.000500 0.819008
vt 0.049054 0.846731
vt 0.747353 0.625852
vt 0.801348 0.637335
vt 0.750679 0.596693
vt 0.923314 0.420274
vt 0.923314 0.420274
vt 0.424961 0.481196
vt 0.578449 0.614899
vt 0.578571 0.567689
vt 0.010158 0.080436
vt 0.057493 0.070651
vt 0.000500 0.039023
vt 0.396599 0.570263
vt 0.396598 0.523299
vt 0.358999 0.527522
vt 0.442067 0.522561
vt 0.454454 0.480567
vt 0.574503 0.515655
vt 0.534213 0.567148
vt 0.108756 0.073293
vt 0.105103 0.053525
vt 0.396598 0.483949
vt 0.358999 0.482739
vt 0.432175 0.550156
vt 0.458153 0.557583
vt 0.576047 0.500965
vt 0.540318 0.509057
vt 0.123391 0.077450
vt 0.129770 0.052329
vt 0.396598 0.455471
vt 0.431876 0.568590
vt 0.005916 0.104859
vt 0.002071 0.105058
vt 0.004896 0.118426
vt 0.139526 0.076642
vt 0.145214 0.077360
vt 0.147965 0.069692
vt 0.396598 0.437107
vt 0.358999 0.450329
vt 0.037788 0.410737
vt 0.035505 0.422053
vt 0.095116 0.427737
vt 0.196053 0.882034
vt 0.227662 0.901768
vt 0.194948 0.806886
vt 0.309329 0.723311
vt 0.333060 0.695203
vt 0.314683 0.671397
vt 0.014363 0.212104
vt 0.000500 0.206386
vt 0.000636 0.246096
vt 0.029681 0.445359
vt 0.061215 0.463063
vt 0.301689 0.892378
vt 0.228894 0.842815
vt 0.385812 0.655649
vt 0.332482 0.650969
vt 0.413339 0.006219
vt 0.388974 0.016730
vt 0.413339 0.045860
vt 0.020649 0.459030
vt 0.038886 0.473851
vt 0.690207 0.678567
vt 0.688995 0.648976
vt 0.653456 0.666116
vt 0.397124 0.633077
vt 0.371158 0.620946
vt 0.374433 0.016529
vt 0.389299 0.045553
vt 0.018889 0.497284
vt 0.399419 0.722373
vt 0.399329 0.709881
vt 0.377401 0.722271
vt 0.409616 0.625258
vt 0.384221 0.599867
vt 0.336205 0.016463
vt 0.374605 0.045162
vt 0.025445 0.520718
vt 0.032331 0.498933
vt 0.399328 0.687261
vt 0.377401 0.709646
vt 0.432236 0.632343
vt 0.432711 0.607202
vt 0.313585 0.016463
vt 0.335970 0.044502
vt 0.023279 0.541323
vt 0.041113 0.522842
vt 0.303493 0.566568
vt 0.303493 0.561149
vt 0.292172 0.566443
vt 0.451672 0.649895
vt 0.457075 0.650471
vt 0.451364 0.636918
vt 0.292867 0.016463
vt 0.313110 0.044502
vt 0.553844 0.705437
vt 0.493715 0.677934
vt 0.466486 0.759590
vt 0.482305 0.129944
vt 0.821095 0.802491
vt 0.776303 0.798794
vt 0.783761 0.878205
vt 0.138987 0.243136
vt 0.103523 0.098098
vt 0.209390 0.335410
vt 0.169482 0.412272
vt 0.658325 0.812584
vt 0.523288 0.806886
vt 0.423192 0.103322
vt 0.921208 0.124233
vt 0.921052 0.034692
vt 0.867159 0.111667
vt 0.024453 0.135258
vt 0.000500 0.363154
vt 0.254291 0.418437
vt 0.207454 0.236426
vt 0.211376 0.003436
vt 0.610307 0.367147
vt 0.678918 0.418510
vt 0.677931 0.428986
vt 0.680212 0.444818
vt 0.400146 0.826373
vt 0.359854 0.845306
vt 0.541712 0.153753
vt 0.598851 0.377568
vt 0.319173 0.873724
vt 0.583812 0.138666
vt 0.682733 0.296008
vt 0.627894 0.108438
vt 0.686606 0.072998
vt 0.612229 0.080142
vt 0.698546 0.264198
vt 0.723753 0.076902
vt 0.723565 0.040590
vt 0.722289 0.147978
vt 0.032679 0.406553
vt 0.000500 0.406553
vt 0.010867 0.461483
vt 0.760900 0.080806
vt 0.799498 0.100368
vt 0.803438 0.069290
vt 0.753495 0.151257
vt 0.773441 0.268374
vt 0.184377 0.665788
vt 0.144096 0.646043
vt 0.131684 0.682966
vt 0.831541 0.130914
vt 0.515577 0.092005
vt 0.498057 0.128594
vt 0.550507 0.128492
vt 0.864560 0.152490
vt 0.871090 0.119458
vt 0.804669 0.270226
vt 0.113424 0.621248
vt 0.070053 0.597964
vt 0.065689 0.636423
vt 0.907334 0.175410
vt 0.872531 0.280432
vt 0.926319 0.203244
vt 0.916748 0.167101
vt 0.919911 0.220576
vt 0.816760 0.587041
vt 0.799952 0.566686
vt 0.803277 0.582431
vt 0.036313 0.691753
vt 0.071258 0.691753
vt 0.018407 0.691753
vt 0.036313 0.641034
vt 0.036313 0.648100
vt 0.071258 0.648100
vt 0.018407 0.648100
vt 0.814800 0.641918
vt 0.818280 0.607171
vt 0.787415 0.886511
vt 0.970258 0.716004
vt 0.791416 0.692792
vt 0.763073 0.678968
vt 0.771760 0.711177
vt 0.117293 0.412171
vt 0.139047 0.432936
vt 0.321568 0.592178
vt 0.094196 0.481264
vt 0.332482 0.578124
vt 0.721079 0.658648
vt 0.717433 0.629050
vt 0.356847 0.587734
vt 0.061483 0.501761
vt 0.409851 0.595970
vt 0.409616 0.582429
vt 0.432236 0.591398
vt 0.068240 0.543932
vt 0.067668 0.549378
vt 0.081162 0.545165
vt 0.453650 0.607202
vt 0.746008 0.880121
vt 0.728881 0.798292
vt 0.158165 0.083097
vt 0.970258 0.370597
vt 0.502633 0.443047
vt 0.609917 0.650429
vt 0.567033 0.650429
vt 0.601721 0.675362
vt 0.464691 0.881270
vt 0.464691 0.901482
vt 0.486356 0.488559
vt 0.054019 0.037948
vt 0.058746 0.008830
vt 0.462770 0.533323
vt 0.097327 0.031526
vt 0.481837 0.539691
vt 0.468393 0.576123
vt 0.469066 0.580482
vt 0.482294 0.576466
vt 0.150587 0.055082
vt 0.144327 0.027840
vt 0.408879 0.723936
vt 0.787415 0.929394
vt 0.744385 0.929394
vt 0.529236 0.929394
vt 0.916505 0.929394
vt 0.830445 0.929394
vt 0.832556 0.011938
vt 0.738258 0.036288
vt 0.832556 0.059808
vt 0.369836 0.929394
vt 0.337710 0.929394
vt 0.272453 0.950360
vt 0.231118 0.950390
vt 0.189784 0.950360
vt 0.148683 0.950360
vt 0.111251 0.959655
vt 0.076158 0.959655
vt 0.031222 0.960429
vt 0.009208 0.950360
vt 0.492338 0.605849
vt 0.601721 0.623422
vt 0.464691 0.929394
vt 0.018407 0.657859
vt 0.000500 0.657859
vt 0.789709 0.674376
vt 0.921916 0.807754
vt 0.879191 0.837280
vt 0.658325 0.904522
vt 0.686805 0.459261
vt 0.639034 0.607620
vt 0.923314 0.320921
vt 0.926322 0.240700
vt 0.182709 0.632983
vt 0.182709 0.641980
vt 0.149195 0.638240
vt 0.168897 0.854414
vt 0.190319 0.861283
vt 0.147476 0.856026
vt 0.115398 0.873984
vt 0.084148 0.861292
vt 0.055708 0.854644
vt 0.011791 0.845957
vt 0.013994 0.853716
vt 0.804813 0.602575
vt 0.754117 0.588762
vt 0.873644 0.409500
vt 0.358999 0.580971
vt 0.315739 0.523299
vt 0.497247 0.559142
vt 0.324312 0.483949
vt 0.542075 0.492338
vt 0.502612 0.508099
vt 0.006269 0.141023
vt 0.001876 0.141340
vt 0.008888 0.153647
vt 0.358999 0.429429
vt 0.324312 0.455471
vt 0.898526 0.663587
vt 0.424954 0.045901
vt 0.424253 0.083191
vt 0.588956 0.069129
vt 0.509496 0.070012
vt 0.556736 0.115630
vt 0.412761 0.081246
vt 0.669304 0.638415
vt 0.635653 0.635944
vt 0.388974 0.076496
vt 0.349362 0.722373
vt 0.374433 0.067297
vt 0.377401 0.686786
vt 0.349362 0.709881
vt 0.336205 0.066454
vt 0.000566 0.272336
vt 0.006042 0.272245
vt 0.000500 0.257857
vt 0.292172 0.044502
vt 0.313585 0.066430
vt 0.071258 0.657859
vt 0.036313 0.657859
vt 0.817399 0.595496
vt 0.750514 0.704717
vt 0.729046 0.690343
vt 0.567033 0.682700
vt 0.529434 0.675362
vt 0.231118 0.935996
vt 0.764673 0.044910
vt 0.719850 0.266437
vt 0.168897 0.880325
vt 0.168897 0.869442
vt 0.147476 0.877587
vt 0.272453 0.936016
vt 0.189784 0.932402
vt 0.018814 0.940602
vt 0.047951 0.610161
vt 0.037222 0.580346
vt 0.034814 0.612767
vt 0.682981 0.450884
vt 0.621024 0.598953
vt 0.894902 0.325924
vt 0.913318 0.240700
vt 0.299705 0.650941
vt 0.182709 0.648496
vt 0.149195 0.644333
vt 0.190319 0.867376
vt 0.115398 0.886989
vt 0.084148 0.871837
vt 0.060526 0.860374
vt 0.015590 0.859335
vt 0.803922 0.590891
vt 0.756605 0.583020
vt 0.270572 0.014439
vt 0.255311 0.006219
vt 0.255311 0.019223
vt 0.000500 0.185509
vt 0.016211 0.190891
vt 0.021119 0.143476
vt 0.123845 0.560967
vt 0.108374 0.562402
vt 0.105663 0.575157
vt 0.728341 0.022196
vt 0.681240 0.020796
vt 0.243974 0.008401
vt 0.243974 0.018168
vt 0.154914 0.070366
vt 0.166252 0.064558
vt 0.169783 0.029184
vt 0.096830 0.562184
vt 0.094794 0.571763
vt 0.723750 0.010314
vt 0.688201 0.010128
vt 0.234981 0.012757
vt 0.234981 0.019913
vt 0.175245 0.056234
vt 0.178776 0.037509
vt 0.087778 0.561519
vt 0.086286 0.568537
vt 0.716412 0.000500
vt 0.697420 0.002054
vt 0.029897 0.092005
vt 0.355081 0.827780
vt 0.377924 0.811218
vt 0.378720 0.806886
vt 0.581216 0.699937
vt 0.594249 0.695927
vt 0.140661 0.573754
vt 0.159064 0.562936
vt 0.155756 0.560967
vt 0.172072 0.065182
vt 0.198575 0.060534
vt 0.201175 0.057836
vt 0.617554 0.675298
vt 0.620631 0.661651
vt 0.010173 0.229262
vt 0.006219 0.244283
vt 0.010628 0.244398
vt 0.084474 0.574986
vt 0.079204 0.555248
vt 0.064604 0.556022
vt 0.154914 0.573045
vt 0.184407 0.573257
vt 0.187646 0.571175
vt 0.543623 0.695978
vt 0.557748 0.699987
vt 0.000500 0.393236
vt 0.017727 0.394710
vt 0.017078 0.390354
vt 0.141493 0.068825
vt 0.515215 0.665122
vt 0.518122 0.672880
vt 0.017536 0.478624
vt 0.006224 0.475181
vt 0.006219 0.480891
vt 0.812605 0.085337
vt 0.843684 0.080859
vt 0.845495 0.069537
vt 0.000500 0.936372
vt 0.031617 0.921404
vt 0.032189 0.915958
vt 0.743142 0.733811
vt 0.754111 0.737147
vt 0.918031 0.129509
vt 0.886953 0.126319
vt 0.886953 0.131738
vt 0.054413 0.112354
vt 0.080855 0.101466
vt 0.070461 0.092005
vt 0.456841 0.637492
vt 0.709662 0.686618
vt 0.709951 0.701199
vt 0.204626 0.574869
vt 0.219818 0.564154
vt 0.215417 0.560967
vt 0.000500 0.492338
vt 0.000939 0.527499
vt 0.011054 0.537029
vt 0.223543 0.560967
vt 0.242033 0.577991
vt 0.247451 0.577991
vt 0.775187 0.731789
vt 0.785336 0.722296
vt 0.038924 0.543666
vt 0.326486 0.806886
vt 0.329336 0.837019
vt 0.343926 0.837239
vt 0.657346 0.011938
vt 0.624431 0.027204
vt 0.623877 0.032600
vt 0.720138 0.720629
vt 0.731225 0.728054
vt 0.304457 0.866828
vt 0.275026 0.864077
vt 0.275014 0.869553
vt 0.590155 0.031884
vt 0.603208 0.057763
vt 0.687330 0.397908
vt 0.023376 0.574461
vt 0.916505 0.886511
vt 0.484668 0.068214
vt 0.610128 0.065759
vt 0.272358 0.561179
vt 0.457982 0.578581
vt 0.000500 0.118687
vt 0.846920 0.692198
vt 0.635315 0.722183
vt 0.292172 0.560967
vt 0.841201 0.006219
vt 0.577716 0.101162
vt 0.260765 0.706287
vt 0.299705 0.663946
vt 0.682457 0.036269
vt 0.741154 0.268676
vt 0.171763 0.703284
vt 0.838259 0.096086
vt 0.827034 0.283418
vt 0.901988 0.145618
vt 0.046013 0.891911
vt 0.045843 0.578124
vt 0.057464 0.608274
vt 0.371388 0.580180
vt 0.070565 0.490155
vt 0.066165 0.524998
vt 0.080596 0.550554
vt 0.452955 0.591398
vt 0.166337 0.020296
vt 0.012044 0.000500
vt 0.483917 0.554762
vt 0.126030 0.025570
vt 0.482809 0.580287
vt 0.436746 0.648683
vt 0.487399 0.026602
vt 0.500857 0.114861
vt 0.451830 0.072052
vt 0.440867 0.108405
vt 0.309329 0.570263
vt 0.504156 0.493409
vt 0.005046 0.153910
vt 0.324312 0.437107
vt 0.947327 0.692198
vt 0.262270 0.816115
vt 0.307079 0.854446
vt 0.325551 0.833320
vt 0.649549 0.618158
vt 0.349362 0.687261
vt 0.005924 0.259025
vt 0.292867 0.066430
vt 0.147476 0.893201
vt 0.290260 0.560967
vt 0.290260 0.571282
vt 0.874328 0.329547
vt 0.231118 0.919343
vt 0.266615 0.031057
vt 0.021054 0.520934
vt 0.006219 0.565096
vt 0.021054 0.562268
vt 0.124254 0.578079
vt 0.158445 0.023376
vt 0.650589 0.040940
vt 0.618158 0.040533
vt 0.622974 0.063050
vt 0.356509 0.806951
vt 0.126319 0.562169
vt 0.184828 0.051971
vt 0.160633 0.000500
vt 0.164166 0.011218
vt 0.181533 0.000500
vt 0.046252 0.573960
vt 0.168844 0.560967
vt 0.000670 0.372238
vt 0.017536 0.496988
vt 0.816113 0.063410
vt 0.002689 0.915548
vt 0.918031 0.150228
vt 0.034814 0.093523
vt 0.189229 0.561006
vt 0.020208 0.510673
vt 0.244262 0.560967
vt 0.354740 0.807315
vt 0.655180 0.032543
vt 0.304457 0.887766
s off
f 114/1 188/2 189/3
f 11/4 285/5 288/6
f 117/7 118/8 174/9
f 7/10 6/11 271/12
f 111/13 115/14 114/1
f 10/15 5/16 194/17
f 12/18 287/19 272/20
f 110/21 109/22 117/7
f 113/23 112/24 120/25
f 2/26 190/27 13/28
f 108/29 109/30 123/31
f 105/32 106/33 126/34
f 3/35 269/36 16/37
f 126/34 127/38 129/39
f 16/37 273/40 18/41
f 129/39 130/42 132/43
f 18/41 274/44 20/45
f 132/43 133/46 257/47
f 310/48 311/49 313/50
f 135/51 139/52 138/53
f 22/54 277/55 24/56
f 138/53 142/57 141/58
f 24/56 277/55 26/59
f 141/58 145/60 144/61
f 26/59 278/62 28/63
f 144/61 148/64 147/65
f 28/63 279/66 30/67
f 147/65 148/64 150/68
f 30/67 280/69 32/70
f 153/71 347/72 422/73
f 8/74 189/3 176/75
f 282/76 206/77 207/78
f 38/79 429/80 158/81
f 35/82 432/83 36/84
f 51/85 435/86 37/87
f 50/88 260/89 38/79
f 33/90 266/91 39/92
f 34/93 441/94 40/95
f 40/95 443/96 41/97
f 41/97 443/96 42/98
f 42/98 446/99 253/100
f 43/101 449/102 44/103
f 44/103 451/104 45/105
f 45/105 263/106 46/107
f 46/107 454/108 47/109
f 47/109 456/110 48/111
f 80/112 231/113 186/114
f 34/93 191/115 178/116
f 150/117 151/118 299/119
f 104/120 243/121 171/122
f 51/85 209/123 52/124
f 33/125 190/126 53/127
f 35/82 192/128 54/129
f 50/130 208/131 55/132
f 49/133 214/134 56/135
f 56/136 214/137 57/138
f 57/138 216/139 58/140
f 58/141 216/142 254/143
f 59/144 218/145 60/146
f 60/146 218/145 61/147
f 61/147 219/148 62/149
f 62/149 220/150 63/151
f 63/152 221/153 64/154
f 52/124 210/155 223/156
f 8/74 176/75 65/157
f 1/158 207/78 66/159
f 49/160 177/161 67/162
f 52/163 225/164 68/165
f 65/157 179/166 69/167
f 66/159 224/168 70/169
f 67/162 182/170 71/171
f 68/165 227/172 72/173
f 69/167 183/174 73/175
f 70/169 226/176 74/177
f 71/171 184/178 75/179
f 72/173 227/172 76/180
f 73/175 183/174 77/181
f 314/182 315/183 317/184
f 326/185 328/186 329/187
f 76/180 229/188 80/189
f 9/190 160/191 81/192
f 10/193 194/194 82/195
f 37/196 159/197 83/198
f 53/199 211/200 84/201
f 81/192 162/202 85/203
f 82/195 232/204 86/205
f 83/198 161/206 87/207
f 84/208 233/209 88/210
f 85/203 164/211 89/212
f 86/213 234/214 90/215
f 87/207 163/216 91/217
f 88/210 235/218 92/219
f 89/212 164/211 93/220
f 90/221 236/222 94/223
f 91/217 165/224 95/225
f 92/219 237/226 96/227
f 93/220 166/228 97/229
f 94/223 238/230 98/231
f 95/225 169/232 99/233
f 96/227 239/234 100/235
f 97/229 168/236 101/237
f 330/238 331/239 333/240
f 334/241 335/242 337/243
f 100/235 241/244 104/245
f 116/246 175/247 187/248
f 115/14 187/249 188/2
f 119/250 12/251 172/252
f 118/8 119/253 173/254
f 122/255 10/256 174/9
f 113/257 7/10 116/258
f 112/24 116/259 115/14
f 114/1 8/74 111/13
f 108/260 4/261 119/262
f 109/22 108/263 118/8
f 117/7 2/264 110/21
f 111/13 5/265 122/255
f 112/24 111/13 121/266
f 120/25 11/267 113/23
f 110/268 13/28 125/269
f 109/30 125/269 124/270
f 123/31 14/271 108/29
f 107/272 3/35 128/273
f 106/33 107/274 127/38
f 126/34 15/275 105/32
f 128/273 16/37 131/276
f 127/38 128/277 130/42
f 129/39 17/278 126/34
f 131/279 18/280 134/281
f 130/42 131/279 133/46
f 132/43 19/282 129/39
f 134/281 252/283 255/284
f 133/46 255/284 256/285
f 135/286 21/287 257/288
f 137/289 24/290 140/291
f 136/292 140/291 139/52
f 138/53 23/293 135/51
f 140/294 26/295 143/296
f 139/52 143/297 142/57
f 141/298 23/299 138/300
f 143/297 28/301 146/302
f 142/57 146/302 145/60
f 144/61 25/303 141/58
f 146/304 30/305 149/306
f 145/60 149/307 148/64
f 147/65 29/308 144/61
f 149/307 32/309 152/310
f 148/64 152/310 151/311
f 150/312 31/313 147/314
f 155/315 48/316 607/317
f 154/318 607/317 347/72
f 152/319 281/320 283/321
f 151/118 152/319 284/322
f 153/323 64/154 246/324
f 157/325 272/20 285/5
f 173/254 122/255 174/9
f 159/326 37/87 351/327
f 170/328 102/329 248/330
f 156/331 82/332 160/191
f 159/197 53/333 161/206
f 160/191 86/334 162/202
f 161/206 84/335 163/216
f 162/336 90/215 164/337
f 163/216 88/338 165/224
f 164/211 94/339 166/228
f 165/224 96/340 167/341
f 166/228 94/339 168/236
f 167/341 100/342 169/232
f 338/343 339/344 341/345
f 169/232 100/342 171/346
f 157/347 120/348 172/252
f 172/349 121/266 173/254
f 156/331 117/7 174/9
f 188/2 106/33 189/3
f 177/350 49/133 264/351
f 178/116 36/84 267/352
f 189/3 1/353 176/75
f 185/354 78/355 249/356
f 175/357 7/10 286/358
f 176/75 66/359 179/166
f 177/161 68/360 180/361
f 179/166 66/359 181/362
f 180/361 72/363 182/170
f 181/362 70/364 183/174
f 182/170 72/363 184/178
f 318/365 319/366 321/367
f 184/178 80/368 186/369
f 175/247 3/370 187/248
f 187/249 107/274 188/2
f 247/371 158/81 212/372
f 192/128 35/82 193/373
f 209/123 51/85 194/17
f 208/374 50/88 195/375
f 190/376 33/377 196/378
f 191/115 34/93 197/379
f 197/379 41/97 198/380
f 198/380 41/97 199/381
f 199/381 42/98 258/382
f 200/383 43/101 201/384
f 201/384 44/103 202/385
f 202/385 45/105 203/386
f 203/386 46/107 204/387
f 204/387 47/109 205/388
f 206/77 49/389 207/78
f 231/113 77/390 249/356
f 191/115 286/358 250/391
f 245/392 153/71 246/393
f 243/121 101/394 248/330
f 209/123 5/16 210/155
f 190/126 2/395 211/396
f 192/128 270/397 212/372
f 208/131 287/398 213/399
f 206/400 290/401 214/134
f 214/137 291/402 215/403
f 215/403 292/404 216/139
f 216/142 292/405 259/406
f 217/407 294/408 218/145
f 218/145 295/409 219/148
f 219/148 296/410 220/150
f 220/150 297/411 221/412
f 221/153 297/413 222/414
f 210/155 8/415 223/156
f 207/78 49/389 224/168
f 223/416 65/417 225/164
f 224/168 67/418 226/176
f 225/164 69/419 227/172
f 226/176 71/420 228/421
f 227/172 69/419 229/188
f 322/422 323/423 325/424
f 229/188 73/425 231/426
f 194/17 37/87 232/427
f 211/428 9/429 233/209
f 232/430 83/431 234/432
f 233/209 81/433 235/218
f 234/214 87/434 236/435
f 235/218 85/436 237/226
f 236/222 91/437 238/230
f 237/226 89/438 239/234
f 238/230 95/439 240/440
f 239/234 93/441 241/244
f 342/442 343/443 345/444
f 241/244 97/445 243/446
f 205/447 48/316 244/448
f 244/448 154/318 245/392
f 222/414 299/449 246/324
f 195/375 38/79 247/371
f 242/450 103/451 248/330
f 230/452 79/453 249/356
f 193/373 178/116 250/391
f 256/285 135/51 257/47
f 258/382 200/383 300/454
f 254/143 675/455 676/456
f 259/406 59/144 254/143
f 252/283 22/457 255/284
f 255/284 137/289 256/285
f 251/458 132/43 257/47
f 253/100 43/101 258/382
f 251/459 293/460 301/461
f 268/462 52/124 264/351
f 441/94 34/93 267/352
f 680/463 53/127 351/327
f 681/464 51/85 268/462
f 266/465 33/125 680/463
f 432/83 35/82 682/466
f 260/467 50/130 683/468
f 684/469 56/135 685/470
f 685/471 56/136 686/472
f 686/472 58/140 261/473
f 261/474 58/141 676/456
f 675/455 59/144 687/475
f 687/475 60/146 688/476
f 688/476 61/147 689/477
f 689/477 62/149 690/478
f 690/479 63/152 262/480
f 262/480 64/154 422/481
f 682/466 54/129 348/482
f 449/102 43/101 265/483
f 285/5 247/371 288/6
f 270/397 193/373 271/12
f 287/19 208/374 272/20
f 269/36 191/115 273/40
f 273/40 197/379 274/44
f 274/44 198/380 275/484
f 275/484 199/381 300/454
f 276/485 201/384 277/55
f 277/55 201/384 278/62
f 278/62 202/385 279/66
f 279/66 203/386 280/69
f 280/69 204/387 281/486
f 284/322 246/393 299/119
f 281/487 205/488 283/489
f 283/321 245/392 284/322
f 272/20 195/375 285/5
f 271/12 250/391 286/358
f 269/36 175/357 286/358
f 270/397 6/11 288/6
f 287/398 4/490 289/491
f 282/492 15/493 290/401
f 290/494 17/495 291/402
f 291/402 19/496 292/404
f 292/405 19/497 301/461
f 293/460 23/498 294/408
f 294/408 25/499 295/409
f 295/409 27/500 296/410
f 296/410 29/501 297/411
f 297/413 29/502 298/503
f 298/503 150/312 299/449
f 276/485 22/54 300/454
f 293/460 217/407 301/461
f 20/504 303/505 302/506
f 275/507 304/508 303/509
f 300/510 305/511 304/512
f 252/283 302/513 305/514
f 302/506 307/515 306/516
f 303/517 308/518 307/519
f 304/512 309/520 308/521
f 305/514 306/522 309/523
f 306/516 311/524 310/525
f 307/519 312/526 311/527
f 308/521 313/528 312/529
f 309/523 310/530 313/531
f 74/532 315/183 314/182
f 228/533 316/534 315/535
f 230/452 317/536 316/537
f 78/538 314/539 317/540
f 183/174 319/366 318/365
f 74/541 320/542 319/543
f 78/355 321/544 320/545
f 185/546 318/547 321/548
f 228/549 323/550 322/551
f 75/552 324/553 323/554
f 79/453 325/555 324/556
f 230/557 322/558 325/559
f 75/179 327/560 326/185
f 184/178 328/186 327/560
f 186/114 329/561 328/562
f 79/563 326/564 329/565
f 98/566 331/567 330/568
f 240/569 332/570 331/571
f 242/450 333/572 332/573
f 102/574 330/575 333/576
f 99/577 335/578 334/579
f 169/232 336/580 335/242
f 171/122 337/581 336/582
f 103/583 334/584 337/585
f 168/586 339/587 338/588
f 98/589 340/590 339/591
f 102/329 341/592 340/593
f 170/594 338/343 341/345
f 240/595 343/596 342/597
f 99/598 344/599 343/600
f 103/451 345/601 344/602
f 242/603 342/604 345/605
f 123/31 124/270 346/606
f 346/607 196/608 39/609
f 346/606 13/28 196/610
f 346/606 125/269 13/28
f 346/606 124/270 125/269
f 346/606 14/271 123/31
f 346/606 289/491 14/271
f 346/606 213/399 289/491
f 346/606 55/132 213/399
f 683/468 55/132 346/606
f 346/611 39/612 713/613
f 114/1 115/14 188/2
f 11/4 157/325 285/5
f 118/8 173/254 174/9
f 6/11 270/397 271/12
f 111/13 112/24 115/14
f 5/16 209/123 194/17
f 12/18 4/614 287/19
f 109/22 118/8 117/7
f 112/24 121/266 120/25
f 190/615 196/608 13/616
f 109/30 124/270 123/31
f 106/33 127/38 126/34
f 269/36 273/40 16/37
f 127/38 130/42 129/39
f 273/40 274/44 18/41
f 130/42 133/46 132/43
f 274/44 275/484 20/45
f 133/46 256/285 257/47
f 311/49 312/617 313/50
f 135/51 136/292 139/52
f 22/54 276/485 277/55
f 138/53 139/52 142/57
f 277/55 278/62 26/59
f 141/58 142/57 145/60
f 278/62 279/66 28/63
f 144/61 145/60 148/64
f 279/66 280/69 30/67
f 148/64 151/311 150/68
f 280/69 281/486 32/70
f 153/71 154/318 347/72
f 8/74 114/1 189/3
f 207/78 1/158 282/76
f 429/80 348/482 158/81
f 432/83 349/618 36/84
f 51/85 681/464 435/86
f 260/89 429/80 38/79
f 266/619 713/620 39/609
f 441/94 714/621 40/95
f 40/95 714/621 443/96
f 443/96 446/99 42/98
f 446/99 265/483 253/100
f 449/102 451/104 44/103
f 451/104 263/106 45/105
f 263/106 454/108 46/107
f 454/108 350/622 47/109
f 47/109 350/622 456/110
f 231/113 249/356 186/114
f 191/115 250/391 178/116
f 151/118 284/322 299/119
f 243/121 248/330 171/122
f 209/123 210/155 52/124
f 190/126 211/396 53/127
f 192/128 212/372 54/129
f 208/131 213/399 55/132
f 49/133 206/400 214/134
f 214/137 215/403 57/138
f 57/138 215/403 216/139
f 216/142 259/406 254/143
f 59/144 217/407 218/145
f 218/145 219/148 61/147
f 219/148 220/150 62/149
f 220/150 221/412 63/151
f 221/153 222/414 64/154
f 176/75 179/166 65/157
f 207/78 224/168 66/159
f 177/161 180/361 67/162
f 52/163 223/416 225/164
f 179/166 181/362 69/167
f 224/168 226/176 70/169
f 67/162 180/361 182/170
f 68/165 225/164 227/172
f 69/167 181/362 183/174
f 226/176 228/421 74/177
f 71/171 182/170 184/178
f 227/172 229/188 76/180
f 183/174 185/623 77/181
f 315/183 316/624 317/184
f 326/185 327/560 328/186
f 229/188 231/426 80/189
f 9/190 156/331 160/191
f 194/17 232/427 82/625
f 159/197 161/206 83/198
f 211/428 233/209 84/208
f 81/192 160/191 162/202
f 232/626 234/214 86/213
f 161/206 163/216 87/207
f 233/209 235/218 88/210
f 85/203 162/202 164/211
f 234/214 236/435 90/215
f 163/216 165/224 91/217
f 235/218 237/226 92/219
f 164/211 166/228 93/220
f 236/222 238/230 94/223
f 165/224 167/341 95/225
f 237/226 239/234 96/227
f 166/228 168/236 97/229
f 238/230 240/440 98/231
f 95/225 167/341 169/232
f 239/234 241/244 100/235
f 168/236 170/594 101/237
f 331/239 332/627 333/240
f 335/242 336/580 337/243
f 241/244 243/446 104/245
f 116/258 7/10 175/357
f 115/14 116/259 187/249
f 12/251 157/347 172/252
f 119/253 172/349 173/254
f 10/256 156/331 174/9
f 113/257 6/11 7/10
f 112/24 113/23 116/259
f 8/74 5/265 111/13
f 4/261 12/628 119/262
f 108/263 119/253 118/8
f 117/7 9/190 2/264
f 5/265 10/256 122/255
f 111/13 122/255 121/266
f 11/4 6/11 113/257
f 110/268 2/26 13/28
f 109/30 110/268 125/269
f 14/271 4/490 108/29
f 3/35 16/37 128/273
f 107/274 128/277 127/38
f 15/275 1/353 105/32
f 16/629 18/280 131/279
f 128/277 131/279 130/42
f 17/495 15/630 126/631
f 18/280 20/632 134/281
f 131/279 134/281 133/46
f 19/282 17/278 129/39
f 134/281 20/632 252/283
f 133/46 134/281 255/284
f 21/633 251/458 257/47
f 137/289 22/457 24/290
f 136/292 137/289 140/291
f 23/293 21/633 135/51
f 140/294 24/634 26/295
f 139/52 140/291 143/297
f 141/58 25/303 23/293
f 143/297 26/635 28/301
f 142/57 143/297 146/302
f 144/61 27/636 25/303
f 146/302 28/301 30/637
f 145/60 146/302 149/307
f 29/501 27/500 144/638
f 149/307 30/637 32/309
f 148/64 149/307 152/310
f 31/313 29/502 147/314
f 48/316 456/639 607/317
f 154/318 155/315 607/317
f 152/640 32/641 281/487
f 152/319 283/321 284/322
f 64/154 222/414 246/324
f 157/325 12/18 272/20
f 173/254 121/266 122/255
f 37/87 435/86 351/327
f 102/329 242/450 248/330
f 156/331 10/256 82/332
f 53/333 84/335 161/206
f 160/191 82/332 86/334
f 84/335 88/338 163/216
f 162/336 86/213 90/215
f 88/338 92/642 165/224
f 164/211 90/643 94/339
f 165/224 92/642 96/340
f 94/339 98/644 168/236
f 167/341 96/340 100/342
f 339/344 340/645 341/345
f 100/342 104/646 171/346
f 157/647 11/267 120/25
f 172/349 120/25 121/266
f 156/331 9/190 117/7
f 106/33 105/32 189/3
f 49/133 684/469 264/351
f 36/84 349/618 267/352
f 189/3 105/32 1/353
f 78/355 230/452 249/356
f 7/10 271/12 286/358
f 176/75 1/353 66/359
f 177/161 52/648 68/360
f 66/359 70/364 181/362
f 180/361 68/360 72/363
f 70/364 74/649 183/174
f 72/363 76/650 184/178
f 319/366 320/651 321/367
f 184/178 76/650 80/368
f 3/370 107/652 187/248
f 107/274 106/33 188/2
f 158/81 54/129 212/372
f 35/82 36/84 193/373
f 51/85 37/87 194/17
f 50/88 38/79 195/375
f 33/653 39/609 196/608
f 34/93 40/95 197/379
f 197/379 40/95 41/97
f 41/97 42/98 199/381
f 42/98 253/100 258/382
f 43/101 44/103 201/384
f 44/103 45/105 202/385
f 45/105 46/107 203/386
f 46/107 47/109 204/387
f 47/109 48/111 205/388
f 77/390 185/354 249/356
f 191/115 269/36 286/358
f 245/392 154/318 153/71
f 101/394 170/328 248/330
f 5/16 8/415 210/155
f 2/654 9/655 211/656
f 270/397 288/6 212/372
f 287/398 289/491 213/399
f 206/400 282/492 290/401
f 214/137 290/494 291/402
f 215/403 291/402 292/404
f 292/405 301/461 259/406
f 217/407 293/460 294/408
f 218/145 294/408 295/409
f 219/148 295/409 296/410
f 220/150 296/410 297/411
f 297/413 298/503 222/414
f 49/389 67/418 224/168
f 223/416 8/657 65/417
f 67/418 71/420 226/176
f 225/164 65/417 69/419
f 71/420 75/658 228/421
f 69/419 73/425 229/188
f 323/423 324/659 325/424
f 73/425 77/660 231/426
f 37/87 83/661 232/427
f 9/429 81/433 233/209
f 83/662 87/663 234/664
f 81/433 85/436 235/218
f 87/434 91/665 236/435
f 85/436 89/438 237/226
f 91/437 95/439 238/230
f 89/438 93/441 239/234
f 95/439 99/666 240/440
f 93/441 97/445 241/244
f 343/443 344/667 345/444
f 97/445 101/668 243/446
f 48/316 155/315 244/448
f 244/448 155/315 154/318
f 222/414 298/503 299/449
f 38/79 158/81 247/371
f 103/451 171/122 248/330
f 79/453 186/114 249/356
f 193/373 36/84 178/116
f 256/285 136/292 135/51
f 200/383 276/485 300/454
f 254/143 59/144 675/455
f 259/406 217/407 59/144
f 22/457 137/289 255/284
f 137/289 136/292 256/285
f 251/458 19/282 132/43
f 43/101 200/383 258/382
f 251/459 21/669 293/460
f 52/124 177/350 264/351
f 34/93 178/116 267/352
f 53/127 159/326 351/327
f 51/85 52/124 268/462
f 33/125 53/127 680/463
f 35/82 54/129 682/466
f 50/130 55/132 683/468
f 684/469 49/133 56/135
f 56/136 57/138 686/472
f 686/472 57/138 58/140
f 58/141 254/143 676/456
f 59/144 60/146 687/475
f 60/146 61/147 688/476
f 61/147 62/149 689/477
f 62/149 63/151 690/478
f 63/152 64/154 262/480
f 64/670 153/671 422/672
f 54/129 158/81 348/482
f 43/101 253/100 265/483
f 247/371 212/372 288/6
f 270/397 192/128 193/373
f 208/374 195/375 272/20
f 191/115 197/379 273/40
f 197/379 198/380 274/44
f 198/380 199/381 275/484
f 199/381 258/382 300/454
f 276/485 200/383 201/384
f 201/384 202/385 278/62
f 202/385 203/386 279/66
f 203/386 204/387 280/69
f 204/387 205/388 281/486
f 284/322 245/392 246/393
f 205/447 244/448 283/321
f 283/321 244/448 245/392
f 195/375 247/371 285/5
f 271/12 193/373 250/391
f 269/36 3/35 175/357
f 6/11 11/4 288/6
f 4/490 14/271 289/491
f 282/492 1/673 15/493
f 290/494 15/630 17/495
f 291/402 17/495 19/496
f 19/497 251/459 301/461
f 293/460 21/669 23/498
f 294/408 23/498 25/499
f 295/409 25/499 27/500
f 296/410 27/500 29/501
f 29/502 31/313 298/503
f 298/503 31/313 150/312
f 22/54 252/674 300/454
f 217/407 259/406 301/461
f 20/504 275/675 303/505
f 275/676 300/677 304/678
f 300/510 252/679 305/511
f 252/283 20/632 302/513
f 302/506 303/505 307/515
f 303/517 304/680 308/518
f 304/512 305/511 309/520
f 305/514 302/513 306/522
f 306/516 307/515 311/524
f 307/519 308/518 312/526
f 308/521 309/520 313/528
f 309/523 306/522 310/530
f 74/681 228/682 315/683
f 228/533 230/684 316/534
f 230/452 78/355 317/536
f 78/538 74/685 314/539
f 183/174 74/649 319/366
f 74/541 78/686 320/542
f 78/355 185/354 321/544
f 185/687 183/688 318/689
f 228/549 75/690 323/550
f 75/552 79/691 324/553
f 79/453 230/452 325/555
f 230/557 228/692 322/558
f 75/179 184/178 327/560
f 184/178 186/369 328/186
f 186/114 79/453 329/561
f 79/563 75/693 326/564
f 98/566 240/694 331/567
f 240/569 242/695 332/570
f 242/450 102/329 333/572
f 102/574 98/696 330/575
f 99/577 169/697 335/578
f 169/232 171/346 336/580
f 171/122 103/451 337/581
f 103/583 99/698 334/584
f 168/586 98/699 339/587
f 98/589 102/700 340/590
f 102/329 170/328 341/592
f 170/594 168/236 338/343
f 240/595 99/701 343/596
f 99/598 103/702 344/599
f 103/451 242/450 345/601
f 242/603 240/703 342/604
f 352/704 354/705 353/706
f 355/707 357/708 356/709
f 358/710 360/711 359/712
f 361/713 363/714 362/715
f 364/716 352/704 365/717
f 366/718 368/719 367/720
f 369/721 371/722 370/723
f 372/724 358/710 373/725
f 374/726 376/727 375/728
f 377/729 379/730 378/731
f 380/732 381/733 373/734
f 382/735 384/736 383/737
f 385/738 387/739 386/740
f 384/736 389/741 388/742
f 387/739 391/743 390/744
f 389/741 393/745 392/746
f 391/743 395/747 394/748
f 393/745 397/749 396/750
f 398/751 400/752 399/753
f 401/754 403/755 402/756
f 404/757 406/758 405/759
f 403/755 408/760 407/761
f 406/758 409/762 405/759
f 408/760 411/763 410/764
f 409/762 413/765 412/766
f 411/763 415/767 414/768
f 413/765 417/769 416/770
f 415/767 418/771 414/768
f 417/769 420/772 419/773
f 421/774 422/73 347/72
f 423/775 424/776 354/705
f 425/777 427/778 426/779
f 428/780 430/781 429/80
f 431/782 433/783 432/83
f 434/784 436/785 435/86
f 437/786 428/780 260/89
f 438/787 439/788 266/91
f 440/789 442/790 441/94
f 442/790 444/791 443/96
f 444/791 445/792 443/96
f 445/792 447/793 446/99
f 448/794 450/795 449/102
f 450/795 452/796 451/104
f 452/796 453/797 263/106
f 453/797 455/798 454/108
f 455/798 457/799 456/110
f 458/800 460/801 459/802
f 440/789 462/803 461/804
f 418/805 464/806 463/807
f 465/808 467/809 466/810
f 434/784 469/811 468/812
f 438/813 470/814 378/815
f 431/782 472/816 471/817
f 437/818 474/819 473/820
f 475/821 477/822 476/823
f 477/824 478/825 476/826
f 478/825 480/827 479/828
f 480/829 481/830 479/831
f 482/832 484/833 483/834
f 484/833 485/835 483/834
f 485/835 487/836 486/837
f 487/836 489/838 488/839
f 489/840 491/841 490/842
f 469/811 493/843 492/844
f 423/775 494/845 424/776
f 495/846 496/847 427/778
f 475/848 498/849 497/850
f 469/851 500/852 499/853
f 494/845 502/854 501/855
f 496/847 504/856 503/857
f 498/849 506/858 505/859
f 500/852 508/860 507/861
f 502/854 510/862 509/863
f 504/856 512/864 511/865
f 506/858 514/866 513/867
f 508/860 515/868 507/861
f 510/862 516/869 509/863
f 517/870 519/871 518/872
f 520/873 522/874 521/875
f 515/868 458/876 523/877
f 524/878 526/879 525/880
f 366/881 527/882 368/883
f 436/884 529/885 528/886
f 470/887 531/888 530/889
f 526/879 533/890 532/891
f 527/882 535/892 534/893
f 529/885 537/894 536/895
f 531/896 539/897 538/898
f 533/890 541/899 540/900
f 535/901 543/902 542/903
f 537/894 545/904 544/905
f 539/897 547/906 546/907
f 541/899 548/908 540/900
f 543/909 550/910 549/911
f 545/904 552/912 551/913
f 547/906 554/914 553/915
f 548/908 556/916 555/917
f 550/910 558/918 557/919
f 552/912 560/920 559/921
f 554/914 562/922 561/923
f 556/916 564/924 563/925
f 565/926 567/927 566/928
f 568/929 570/930 569/931
f 562/922 465/932 571/933
f 572/934 574/935 573/936
f 365/717 353/706 574/937
f 575/938 576/939 369/940
f 359/712 577/941 575/942
f 578/943 360/711 366/944
f 374/945 572/946 361/713
f 375/728 365/717 572/947
f 352/704 364/716 423/775
f 380/948 575/949 579/950
f 373/725 359/712 380/951
f 358/710 372/724 377/952
f 364/716 578/943 367/953
f 375/728 580/954 364/716
f 376/727 374/726 355/955
f 372/956 581/957 379/730
f 373/734 582/958 581/957
f 381/733 380/732 583/959
f 584/960 585/961 385/738
f 383/737 388/742 584/962
f 384/736 382/735 586/963
f 585/961 587/964 387/739
f 388/742 392/746 585/965
f 389/741 384/736 588/966
f 587/967 589/968 391/969
f 392/746 396/750 587/967
f 393/745 389/741 590/970
f 589/968 592/971 591/972
f 396/750 593/973 592/971
f 401/974 397/975 594/976
f 595/977 596/978 406/979
f 597/980 402/756 596/978
f 403/755 401/754 598/981
f 596/982 599/983 409/984
f 402/756 407/761 599/985
f 408/986 403/987 598/988
f 599/985 600/989 413/990
f 407/761 410/764 600/989
f 411/763 408/760 601/991
f 600/992 602/993 417/994
f 410/764 414/768 602/995
f 415/767 411/763 603/996
f 602/995 604/997 420/998
f 414/768 463/999 604/997
f 418/1000 415/1001 605/1002
f 606/1003 607/317 457/1004
f 608/1005 347/72 607/317
f 604/1006 610/1007 609/1008
f 463/807 611/1009 604/1006
f 421/1010 612/1011 491/841
f 613/1012 356/709 371/722
f 577/941 360/711 578/943
f 528/1013 351/327 436/785
f 614/1014 616/1015 615/1016
f 617/1017 525/880 527/1018
f 528/886 536/895 470/1019
f 525/880 532/891 535/1020
f 536/895 544/905 531/1021
f 532/1022 540/1023 543/902
f 544/905 551/913 539/1024
f 540/900 555/917 550/1025
f 551/913 618/1026 554/1027
f 555/917 563/925 550/1025
f 618/1026 559/921 562/1028
f 619/1029 621/1030 620/1031
f 559/921 467/1032 562/1028
f 613/1033 576/939 376/1034
f 576/1035 577/941 580/954
f 617/1017 360/711 358/710
f 353/706 354/705 383/737
f 497/1036 264/351 475/821
f 462/803 267/352 433/783
f 354/705 424/776 495/1037
f 622/1038 624/1039 623/1040
f 573/1041 625/1042 361/713
f 424/776 501/855 496/1043
f 497/850 626/1044 500/1045
f 501/855 627/1046 496/1043
f 626/1044 505/859 508/1047
f 627/1046 509/863 504/1048
f 505/859 513/867 508/1047
f 628/1049 630/1050 629/1051
f 513/867 460/1052 458/1053
f 573/936 574/935 385/1054
f 574/937 353/706 584/962
f 631/1055 632/1056 430/781
f 471/817 633/1057 431/782
f 468/812 368/719 434/784
f 473/1058 634/1059 437/786
f 378/1060 635/1061 438/1062
f 461/804 636/1063 440/789
f 636/1063 637/1064 444/791
f 637/1064 638/1065 444/791
f 638/1065 639/1066 445/792
f 640/1067 641/1068 448/794
f 641/1068 642/1069 450/795
f 642/1069 643/1070 452/796
f 643/1070 644/1071 453/797
f 644/1071 645/1072 455/798
f 426/779 427/778 475/1073
f 459/802 624/1039 516/1074
f 461/804 646/1075 625/1042
f 647/1076 612/1077 421/774
f 466/810 616/1015 564/1078
f 468/812 492/844 367/720
f 378/815 530/1079 377/1080
f 471/817 632/1056 648/1081
f 473/820 649/1082 370/1083
f 426/1084 476/823 650/1085
f 476/826 652/1086 651/1087
f 652/1086 479/828 653/1088
f 479/831 654/1089 653/1090
f 655/1091 483/834 656/1092
f 483/834 486/837 657/1093
f 486/837 488/839 658/1094
f 488/839 490/1095 659/1096
f 490/842 660/1097 659/1098
f 492/844 493/843 423/1099
f 427/778 503/857 475/1073
f 493/1100 499/853 494/1101
f 503/857 511/865 498/1102
f 499/853 507/861 502/1103
f 511/865 661/1104 506/1105
f 507/861 523/877 502/1103
f 662/1106 664/1107 663/1108
f 523/877 459/1109 510/1110
f 368/719 534/1111 436/785
f 530/1112 538/898 524/1113
f 534/1114 542/1115 529/1116
f 538/898 546/907 526/1117
f 542/903 549/1118 537/1119
f 546/907 553/915 533/1120
f 549/911 557/919 545/1121
f 553/915 561/923 541/1122
f 557/919 665/1123 552/1124
f 561/923 571/933 548/1125
f 666/1126 668/1127 667/1128
f 571/933 466/1129 556/1130
f 645/1131 669/1132 457/1004
f 669/1132 647/1076 608/1005
f 660/1097 612/1011 464/1133
f 634/1059 631/1055 428/780
f 670/1134 616/1015 671/1135
f 672/1136 624/1039 673/1137
f 633/1057 646/1075 462/803
f 593/973 397/749 401/754
f 639/1066 674/1138 640/1067
f 481/830 676/456 675/455
f 654/1089 481/830 482/832
f 591/972 592/971 404/1139
f 592/971 593/973 595/977
f 677/1140 397/749 393/745
f 447/793 639/1066 448/794
f 677/1141 679/1142 678/1143
f 268/462 264/351 469/811
f 441/94 267/352 440/789
f 680/463 351/327 470/814
f 681/464 268/462 434/784
f 266/465 680/463 438/813
f 432/83 682/466 431/782
f 260/467 683/468 437/818
f 684/469 685/470 477/822
f 685/471 686/472 477/824
f 686/472 261/473 480/827
f 261/474 676/456 480/829
f 675/455 687/475 482/832
f 687/475 688/476 484/833
f 688/476 689/477 485/835
f 689/477 690/478 487/836
f 690/479 262/480 489/840
f 262/480 422/481 491/841
f 682/466 348/482 472/816
f 449/102 265/483 448/794
f 356/709 357/708 631/1055
f 648/1081 363/714 633/1057
f 370/723 371/722 473/1058
f 386/740 390/744 461/804
f 390/744 394/748 636/1063
f 394/748 691/1144 637/1064
f 691/1144 674/1138 638/1065
f 692/1145 405/759 641/1068
f 405/759 412/766 641/1068
f 412/766 416/770 642/1069
f 416/770 419/773 643/1070
f 419/773 609/1146 644/1071
f 611/1009 464/806 612/1077
f 609/1147 610/1148 645/1149
f 610/1007 611/1009 647/1076
f 371/722 356/709 634/1059
f 363/714 625/1042 646/1075
f 386/740 625/1042 573/1041
f 648/1081 357/708 362/715
f 370/1083 693/1150 579/1151
f 425/1152 650/1085 586/1153
f 650/1154 651/1087 588/1155
f 651/1087 653/1088 590/1156
f 653/1090 679/1142 590/1157
f 678/1143 656/1092 598/1158
f 656/1092 657/1093 601/1159
f 657/1093 658/1094 694/1160
f 658/1094 659/1096 603/1161
f 659/1098 695/1162 603/1163
f 695/1162 464/1133 418/1000
f 692/1145 674/1138 404/757
f 678/1143 679/1142 655/1091
f 395/1164 697/1165 696/1166
f 691/1167 696/1168 698/1169
f 674/1170 698/1171 699/1172
f 591/972 699/1173 697/1174
f 697/1165 701/1175 700/1176
f 696/1177 700/1178 702/1179
f 698/1171 702/1180 703/1181
f 699/1173 703/1182 701/1183
f 701/1175 398/1184 399/1185
f 700/1178 399/1186 704/1187
f 702/1180 704/1188 400/1189
f 703/1182 400/1190 398/1191
f 512/1192 517/870 518/872
f 661/1193 518/1194 705/1195
f 672/1136 705/1196 519/1197
f 623/1198 519/1199 517/1200
f 509/863 628/1049 629/1051
f 512/1201 629/1202 706/1203
f 623/1040 706/1204 630/1205
f 622/1206 630/1207 628/1208
f 661/1209 662/1210 663/1211
f 514/1212 663/1213 707/1214
f 673/1137 707/1215 664/1216
f 672/1217 664/1218 662/1219
f 514/866 520/873 708/1220
f 513/867 708/1220 521/875
f 460/801 521/1221 522/1222
f 673/1223 522/1224 520/1225
f 558/1226 565/1227 566/1228
f 665/1229 566/1230 709/1231
f 670/1134 709/1232 567/1233
f 615/1234 567/1235 565/1236
f 560/1237 568/1238 569/1239
f 559/921 569/931 710/1240
f 467/809 710/1241 570/1242
f 671/1243 570/1244 568/1245
f 563/1246 619/1247 620/1248
f 558/1249 620/1250 711/1251
f 615/1016 711/1252 621/1253
f 614/1254 621/1030 619/1029
f 665/1255 666/1256 667/1257
f 560/1258 667/1259 712/1260
f 671/1135 712/1261 668/1262
f 670/1263 668/1264 666/1265
f 381/733 346/606 582/958
f 346/607 439/1266 635/1267
f 346/606 635/1268 379/730
f 346/606 379/730 581/957
f 346/606 581/957 582/958
f 346/606 381/733 583/959
f 346/606 583/959 693/1150
f 346/606 693/1150 649/1082
f 346/606 649/1082 474/819
f 683/468 346/606 474/819
f 346/611 713/613 439/1269
f 352/704 353/706 365/717
f 355/707 356/709 613/1012
f 359/712 360/711 577/941
f 362/715 363/714 648/1081
f 364/716 365/717 375/728
f 367/720 368/719 468/812
f 369/721 370/723 579/1270
f 373/725 358/710 359/712
f 375/728 376/727 580/954
f 378/1271 379/1272 635/1267
f 373/734 381/733 582/958
f 383/737 384/736 388/742
f 386/740 387/739 390/744
f 388/742 389/741 392/746
f 390/744 391/743 394/748
f 392/746 393/745 396/750
f 394/748 395/747 691/1144
f 396/750 397/749 593/973
f 399/753 400/752 704/1273
f 401/754 402/756 597/980
f 404/757 405/759 692/1145
f 403/755 407/761 402/756
f 405/759 409/762 412/766
f 408/760 410/764 407/761
f 412/766 413/765 416/770
f 411/763 414/768 410/764
f 416/770 417/769 419/773
f 414/768 418/771 463/999
f 419/773 420/772 609/1146
f 421/774 347/72 608/1005
f 423/775 354/705 352/704
f 427/778 425/777 495/846
f 429/80 430/781 348/482
f 432/83 433/783 349/618
f 434/784 435/86 681/464
f 260/89 428/780 429/80
f 266/619 439/1266 713/620
f 441/94 442/790 714/621
f 442/790 443/96 714/621
f 443/96 445/792 446/99
f 446/99 447/793 265/483
f 449/102 450/795 451/104
f 451/104 452/796 263/106
f 263/106 453/797 454/108
f 454/108 455/798 350/622
f 455/798 456/110 350/622
f 459/802 460/801 624/1039
f 461/804 462/803 646/1075
f 463/807 464/806 611/1009
f 466/810 467/809 616/1015
f 468/812 469/811 492/844
f 378/815 470/814 530/1079
f 471/817 472/816 632/1056
f 473/820 474/819 649/1082
f 475/821 476/823 426/1084
f 476/826 478/825 652/1086
f 478/825 479/828 652/1086
f 479/831 481/830 654/1089
f 482/832 483/834 655/1091
f 483/834 485/835 486/837
f 486/837 487/836 488/839
f 488/839 489/838 490/1095
f 490/842 491/841 660/1097
f 424/776 494/845 501/855
f 427/778 496/847 503/857
f 497/850 498/849 626/1044
f 469/851 499/853 493/1100
f 501/855 502/854 627/1046
f 503/857 504/856 511/865
f 498/849 505/859 626/1044
f 500/852 507/861 499/853
f 502/854 509/863 627/1046
f 511/865 512/864 661/1104
f 506/858 513/867 505/859
f 507/861 515/868 523/877
f 509/863 516/869 622/1274
f 518/872 519/871 705/1275
f 520/873 521/875 708/1220
f 523/877 458/876 459/1109
f 524/878 525/880 617/1017
f 368/719 527/1276 534/1111
f 528/886 529/885 536/895
f 530/1112 531/896 538/898
f 526/879 532/891 525/880
f 534/1277 535/901 542/903
f 536/895 537/894 544/905
f 538/898 539/897 546/907
f 533/890 540/900 532/891
f 542/903 543/902 549/1118
f 544/905 545/904 551/913
f 546/907 547/906 553/915
f 540/900 548/908 555/917
f 549/911 550/910 557/919
f 551/913 552/912 618/1026
f 553/915 554/914 561/923
f 555/917 556/916 563/925
f 557/919 558/918 665/1123
f 552/912 559/921 618/1026
f 561/923 562/922 571/933
f 563/925 564/924 614/1254
f 566/928 567/927 709/1278
f 569/931 570/930 710/1240
f 571/933 465/932 466/1129
f 572/946 573/1041 361/713
f 365/717 574/937 572/947
f 369/940 576/939 613/1033
f 575/942 577/941 576/1035
f 366/944 360/711 617/1017
f 374/945 361/713 362/715
f 375/728 572/947 374/726
f 423/775 364/716 367/953
f 579/950 575/949 369/1279
f 380/951 359/712 575/942
f 358/710 377/952 524/878
f 367/953 578/943 366/944
f 364/716 580/954 578/943
f 355/707 374/945 362/715
f 372/956 379/730 377/729
f 373/734 581/957 372/956
f 583/959 380/732 579/1151
f 385/738 585/961 387/739
f 584/962 388/742 585/965
f 586/963 382/735 495/1037
f 387/1280 587/967 391/969
f 585/965 392/746 587/967
f 588/1155 384/1281 586/1282
f 391/969 589/968 395/1283
f 587/967 396/750 589/968
f 590/970 389/741 588/966
f 589/968 591/972 395/1283
f 396/750 592/971 589/968
f 594/1284 397/749 677/1140
f 595/977 406/979 404/1139
f 597/980 596/978 595/977
f 598/981 401/754 594/1284
f 596/982 409/984 406/1285
f 402/756 599/985 596/978
f 408/760 598/981 601/991
f 599/985 413/990 409/1286
f 407/761 600/989 599/985
f 411/763 601/991 694/1287
f 600/989 417/1288 413/990
f 410/764 602/995 600/989
f 603/1161 411/1289 694/1160
f 602/995 420/998 417/1288
f 414/768 604/997 602/995
f 605/1002 415/1001 603/1163
f 457/1004 607/317 456/639
f 608/1005 607/317 606/1003
f 604/1290 609/1147 420/1291
f 604/1006 611/1009 610/1007
f 491/841 612/1011 660/1097
f 613/1012 371/722 369/721
f 577/941 578/943 580/954
f 436/785 351/327 435/86
f 615/1016 616/1015 670/1134
f 617/1017 527/1018 366/944
f 470/1019 536/895 531/1021
f 525/880 535/1020 527/1018
f 531/1021 544/905 539/1024
f 532/1022 543/902 535/901
f 539/1024 551/913 547/1292
f 540/900 550/1025 543/1293
f 551/913 554/1027 547/1292
f 550/1025 563/925 558/1294
f 618/1026 562/1028 554/1027
f 620/1031 621/1030 711/1295
f 562/1028 467/1032 465/1296
f 613/1297 376/727 355/955
f 576/1035 580/954 376/727
f 617/1017 358/710 524/878
f 383/737 354/705 382/735
f 475/821 264/351 684/469
f 433/783 267/352 349/618
f 354/705 495/1037 382/735
f 623/1040 624/1039 672/1136
f 361/713 625/1042 363/714
f 424/776 496/1043 495/1037
f 497/850 500/1045 469/1298
f 496/1043 627/1046 504/1048
f 626/1044 508/1047 500/1045
f 504/1048 509/863 512/1299
f 508/1047 513/867 515/1300
f 629/1051 630/1050 706/1301
f 513/867 458/1053 515/1300
f 385/1054 574/935 584/1302
f 584/962 353/706 383/737
f 430/781 632/1056 472/816
f 431/782 633/1057 433/783
f 434/784 368/719 436/785
f 437/786 634/1059 428/780
f 438/1303 635/1267 439/1266
f 440/789 636/1063 442/790
f 636/1063 444/791 442/790
f 444/791 638/1065 445/792
f 445/792 639/1066 447/793
f 448/794 641/1068 450/795
f 450/795 642/1069 452/796
f 452/796 643/1070 453/797
f 453/797 644/1071 455/798
f 455/798 645/1072 457/799
f 516/1074 624/1039 622/1038
f 461/804 625/1042 386/740
f 647/1076 421/774 608/1005
f 564/1078 616/1015 614/1014
f 367/720 492/844 423/1099
f 377/1304 530/1305 524/1306
f 648/1081 632/1056 357/708
f 370/1083 649/1082 693/1150
f 426/1084 650/1085 425/1152
f 476/826 651/1087 650/1154
f 652/1086 653/1088 651/1087
f 653/1090 654/1089 679/1142
f 655/1091 656/1092 678/1143
f 483/834 657/1093 656/1092
f 486/837 658/1094 657/1093
f 488/839 659/1096 658/1094
f 659/1098 660/1097 695/1162
f 475/1073 503/857 498/1102
f 493/1100 494/1101 423/1307
f 498/1102 511/865 506/1105
f 499/853 502/1103 494/1101
f 506/1105 661/1104 514/1308
f 502/1103 523/877 510/1110
f 663/1108 664/1107 707/1309
f 510/1110 459/1109 516/1310
f 436/785 534/1111 529/1311
f 524/1113 538/898 526/1117
f 529/1312 542/1313 537/1314
f 526/1117 546/907 533/1120
f 537/1119 549/1118 545/1315
f 533/1120 553/915 541/1122
f 545/1121 557/919 552/1124
f 541/1122 561/923 548/1125
f 552/1124 665/1123 560/1316
f 548/1125 571/933 556/1130
f 667/1128 668/1127 712/1317
f 556/1130 466/1129 564/1318
f 457/1004 669/1132 606/1003
f 669/1132 608/1005 606/1003
f 660/1097 464/1133 695/1162
f 428/780 631/1055 430/781
f 671/1135 616/1015 467/809
f 673/1137 624/1039 460/801
f 633/1057 462/803 433/783
f 593/973 401/754 597/980
f 640/1067 674/1138 692/1145
f 481/830 675/455 482/832
f 654/1089 482/832 655/1091
f 404/1139 592/971 595/977
f 595/977 593/973 597/980
f 677/1140 393/745 590/970
f 448/794 639/1066 640/1067
f 677/1141 678/1143 594/1319
f 469/811 264/351 497/1036
f 440/789 267/352 462/803
f 470/814 351/327 528/1013
f 434/784 268/462 469/811
f 438/813 680/463 470/814
f 431/782 682/466 472/816
f 437/818 683/468 474/819
f 684/469 477/822 475/821
f 477/824 686/472 478/825
f 686/472 480/827 478/825
f 480/829 676/456 481/830
f 482/832 687/475 484/833
f 484/833 688/476 485/835
f 485/835 689/477 487/836
f 487/836 690/478 489/838
f 489/840 262/480 491/841
f 491/1320 422/672 421/1321
f 472/816 348/482 430/781
f 448/794 265/483 447/793
f 631/1055 357/708 632/1056
f 648/1081 633/1057 471/817
f 473/1058 371/722 634/1059
f 461/804 390/744 636/1063
f 636/1063 394/748 637/1064
f 637/1064 691/1144 638/1065
f 638/1065 674/1138 639/1066
f 692/1145 641/1068 640/1067
f 641/1068 412/766 642/1069
f 642/1069 416/770 643/1070
f 643/1070 419/773 644/1071
f 644/1071 609/1146 645/1072
f 611/1009 612/1077 647/1076
f 645/1131 610/1007 669/1132
f 610/1007 647/1076 669/1132
f 634/1059 356/709 631/1055
f 363/714 646/1075 633/1057
f 386/740 573/1041 385/738
f 362/715 357/708 355/707
f 579/1151 693/1150 583/959
f 425/1152 586/1153 495/1322
f 650/1154 588/1155 586/1282
f 651/1087 590/1156 588/1155
f 590/1157 679/1142 677/1141
f 678/1143 598/1158 594/1319
f 656/1092 601/1159 598/1158
f 657/1093 694/1160 601/1159
f 658/1094 603/1161 694/1160
f 603/1163 695/1162 605/1002
f 695/1162 418/1000 605/1002
f 404/757 674/1138 591/1323
f 655/1091 679/1142 654/1089
f 395/1164 696/1166 691/1324
f 691/1325 698/1326 674/1327
f 674/1170 699/1172 591/1328
f 591/972 697/1174 395/1283
f 697/1165 700/1176 696/1166
f 696/1177 702/1179 698/1329
f 698/1171 703/1181 699/1172
f 699/1173 701/1183 697/1174
f 701/1175 399/1185 700/1176
f 700/1178 704/1187 702/1179
f 702/1180 400/1189 703/1181
f 703/1182 398/1191 701/1183
f 512/1330 518/1331 661/1332
f 661/1193 705/1195 672/1333
f 672/1136 519/1197 623/1040
f 623/1198 517/1200 512/1334
f 509/863 629/1051 512/1299
f 512/1201 706/1203 623/1335
f 623/1040 630/1205 622/1038
f 622/1336 628/1337 509/1338
f 661/1209 663/1211 514/1339
f 514/1212 707/1214 673/1340
f 673/1137 664/1216 672/1136
f 672/1217 662/1219 661/1341
f 514/866 708/1220 513/867
f 513/867 521/875 460/1052
f 460/801 522/1222 673/1137
f 673/1223 520/1225 514/1342
f 558/1226 566/1228 665/1343
f 665/1229 709/1231 670/1344
f 670/1134 567/1233 615/1016
f 615/1234 565/1236 558/1345
f 560/1237 569/1239 559/1346
f 559/921 710/1240 467/1032
f 467/809 570/1242 671/1135
f 671/1243 568/1245 560/1347
f 563/1246 620/1248 558/1348
f 558/1249 711/1251 615/1349
f 615/1016 621/1253 614/1014
f 614/1254 619/1029 563/925
f 665/1255 667/1257 560/1350
f 560/1258 712/1260 671/1351
f 671/1135 668/1262 670/1134
f 670/1263 666/1265 665/1352
